1.397938614496358589e+00
1.397939802316251923e+00
1.397940156408706613e+00
1.397942028626366406e+00
1.397945593683817656e+00
1.412323337058479789e+00
1.412323854539035972e+00
1.412324917857077367e+00
1.412325718805686803e+00
1.412325749712154632e+00
1.412627968079352536e+00
1.412631642927483222e+00
1.412635164966524526e+00
1.412635770076632102e+00
1.412636039820590161e+00
1.413200012666289584e+00
1.413200725940940705e+00
1.413201731034886555e+00
1.413202872060483672e+00
1.413202879065847961e+00
1.422235285211277178e+00
1.422236307334333594e+00
1.422236356060412765e+00
1.422237825295053160e+00
1.422238993770035043e+00
1.422882676365131438e+00
1.422882990445805795e+00
1.422885012746988975e+00
1.422886974464239618e+00
1.422888439267112615e+00
1.439700797318664405e+00
1.439702926474764277e+00
1.439703183368015393e+00
1.439704567402631863e+00
1.439711773203233403e+00
1.440897893571921218e+00
1.440898833922771516e+00
1.440899935526405828e+00
1.440900081268649657e+00
1.440900961551487836e+00
1.454494640553893436e+00
1.454495440831630626e+00
1.454495670327003332e+00
1.454497254792871841e+00
1.454499735097947166e+00
1.457691152850973282e+00
1.457692699748476040e+00
1.457694795524770104e+00
1.457699000788572175e+00
1.457702211118581559e+00
1.459348857436081337e+00
1.459356118909980182e+00
1.459358087208208143e+00
1.459362573283281117e+00
1.459363329058257275e+00
1.471800438714434112e+00
1.471802174784370365e+00
1.471802797829926179e+00
1.471808552326015374e+00
1.471812160909129030e+00
2.285187647174734771e+00
2.285188681925411469e+00
2.285189301305254883e+00
2.285189625414048464e+00
2.285191709091384027e+00
2.285683532009626262e+00
2.285686812776413390e+00
2.285688354697551716e+00
2.285688892216086288e+00
2.285696012377848696e+00
2.294968985280629425e+00
2.294969454894769889e+00
2.294969583763584176e+00
2.294975631439253760e+00
2.294977276227370577e+00
2.301913670731376982e+00
2.301918203477265390e+00
2.301920464546939549e+00
2.301923700864127120e+00
2.301923723736301497e+00
2.323172335643656439e+00
2.323174759913683829e+00
2.323175231229879678e+00
2.323175826966181745e+00
2.323177879780195632e+00
2.325936429827779595e+00
2.325938752031101675e+00
2.325938939546780215e+00
2.325941782719421091e+00
2.325948207097484399e+00
2.326319556810714229e+00
2.326321822104585380e+00
2.326323683776615248e+00
2.326327867369516245e+00
2.326329512622836049e+00
2.328258957848116761e+00
2.328260783589330085e+00
2.328262330193915819e+00
2.328262375442253340e+00
2.328262568483203232e+00
2.337611216199134923e+00
2.337614502885366541e+00
2.337616170246946012e+00
2.337616792654433340e+00
2.337617908662577015e+00
2.340018115934148213e+00
2.340019232634637625e+00
2.340024132931111556e+00
2.340026498503810171e+00
2.340027518769811632e+00
2.340655286538365853e+00
2.340658043713347958e+00
2.340658171562007617e+00
2.340658388189101213e+00
2.340660656160990172e+00
2.346487053895673913e+00
2.346487866109688181e+00
2.346488170394216866e+00
2.346489266585295219e+00
2.346490058747320084e+00
7.718002051833102506e+00
7.718004006289449492e+00
7.718004259431318737e+00
7.718004923158574115e+00
7.718005760045789643e+00
7.755747264745029845e+00
7.755750418354113052e+00
7.755750625252208152e+00
7.755753223936408425e+00
7.755755346173576648e+00
7.777503650844529659e+00
7.777506401167407546e+00
7.777506577367838680e+00
7.777507643101354340e+00
7.777508733122707518e+00
7.788171845587384290e+00
7.788174483722099417e+00
7.788176946346301754e+00
7.788178948573278859e+00
7.788186870825583696e+00
7.804561356950178386e+00
7.804564374672041893e+00
7.804564578206782066e+00
7.804564743821400974e+00
7.804568694277731034e+00
7.893931916472297416e+00
7.893932577429325192e+00
7.893935868633593422e+00
7.893938513327806383e+00
7.893940050152396637e+00
7.967766347088748979e+00
7.967766867203130765e+00
7.967766898560724620e+00
7.967773542891388949e+00
7.967774512698009737e+00
8.029562078899447286e+00
8.029563085436217662e+00
8.029563672516706774e+00
8.029564395065275306e+00
8.029567138924738501e+00
8.037501707048029687e+00
8.037503750630540011e+00
8.037504137883848543e+00
8.037508616461943589e+00
8.037508748144539084e+00
8.046708465938106514e+00
8.046709301807789316e+00
8.046711165003998190e+00
8.046714051226128817e+00
8.046718398111119441e+00
8.064513215594603324e+00
8.064514321104526928e+00
8.064517085684673958e+00
8.064517290538844918e+00
8.064525832514892301e+00
8.097363761286755945e+00
8.097364893581120882e+00
8.097369178974119563e+00
8.097372534137232236e+00
8.097379903339104956e+00
8.264890346259894827e+00
8.264896678610083924e+00
8.264898781503619674e+00
8.264901319556090087e+00
8.264902157678575279e+00
8.348768103983964295e+00
8.348768429870359498e+00
8.348769306658317291e+00
8.348771127992430152e+00
8.348773256335327630e+00
8.396377129697070174e+00
8.396378046705615716e+00
8.396378296843229450e+00
8.396378739272067904e+00
8.396379207831195401e+00
8.501075125047419689e+00
8.501077068536668335e+00
8.501080975840659804e+00
8.501082177746548396e+00
8.501084824168032128e+00
8.519593814314154301e+00
8.519597744565173159e+00
8.519598354054020106e+00
8.519599036509875489e+00
8.519599639091028465e+00
8.556597843599989872e+00
8.556600362328486753e+00
8.556600810748388852e+00
8.556602131050617288e+00
8.556603715178120240e+00
8.561570210545493609e+00
8.561571740457472046e+00
8.561572632157014695e+00
8.561572670543654340e+00
8.561577172542451208e+00
8.590942563851767133e+00
8.590944916096249884e+00
8.590945616316053801e+00
8.590950391021937804e+00
8.590951683178063902e+00
8.605236455310219412e+00
8.605239091547661090e+00
8.605241883979786621e+00
8.605244992503118695e+00
8.605245748048107046e+00
8.623438929922331297e+00
8.623441830748323156e+00
8.623443258432216041e+00
8.623443876120489904e+00
8.623447942801069743e+00
8.644165483359280699e+00
8.644167625104223873e+00
8.644168674389689500e+00
8.644173669541814320e+00
8.644176766933910017e+00
8.650612532873033445e+00
8.650614162445345201e+00
8.650615620809885442e+00
8.650616756711627886e+00
8.650617409046592599e+00
8.652107855066301312e+00
8.652109689936899883e+00
8.652110339830393571e+00
8.652110967451815071e+00
8.652111171193999084e+00
8.684683633880970532e+00
8.684687485143031793e+00
8.684688156134335202e+00
8.684689064082835586e+00
8.684693274957959730e+00
8.690412859479117458e+00
8.690414262266211054e+00
8.690414504970403797e+00
8.690416272808802134e+00
8.690419933478473524e+00
8.693935379383724182e+00
8.693935563184258086e+00
8.693937021488020278e+00
8.693940508267811396e+00
8.693941472956899119e+00
8.766050145339118416e+00
8.766050627312164778e+00
8.766051713069003881e+00
8.766057021454972897e+00
8.766058255669991084e+00
8.784641705169311976e+00
8.784641985493774285e+00
8.784643541282708412e+00
8.784649528472948887e+00
8.784651488397249963e+00
8.851040003174768245e+00
8.851041263269536330e+00
8.851041293525863551e+00
8.851048452590235982e+00
8.851050351161719121e+00
8.874089210966948471e+00
8.874090493301270755e+00
8.874090867390304282e+00
8.874099716247277669e+00
8.874100337335610433e+00
8.931413815023912406e+00
8.931413952118667510e+00
8.931414323190924875e+00
8.931415555184967658e+00
8.931417762774284341e+00
8.969318910926292077e+00
8.969321656814409849e+00
8.969322682309963213e+00
8.969322910916966762e+00
8.969322913230406868e+00
8.996940510184558093e+00
8.996945595684126218e+00
8.996945916954263822e+00
8.996948621088151299e+00
8.996950184190195543e+00
9.053758639957219856e+00
9.053759384134306032e+00
9.053759764390703069e+00
9.053761119280759218e+00
9.053762012091990385e+00
9.060492389903542332e+00
9.060494507641401185e+00
9.060496005749353543e+00
9.060496289470020059e+00
9.060497045537843519e+00
9.126707923062950201e+00
9.126709570628399604e+00
9.126710804199944960e+00
9.126714903671528489e+00
9.126715351527078468e+00
9.156255959391918609e+00
9.156258618136558169e+00
9.156259902192598332e+00
9.156259989176804837e+00
9.156262426350613381e+00
9.212453254595107666e+00
9.212453828351055307e+00
9.212457223504488368e+00
9.212458217658305415e+00
9.212458283829567662e+00
9.241284705326419768e+00
9.241287183260782356e+00
9.241287695970729743e+00
9.241293712776364799e+00
9.241294148510803552e+00
9.244740524752439015e+00
9.244740614143804436e+00
9.244742502768803050e+00
9.244742557545885475e+00
9.244742580569781154e+00
9.253784159207517845e+00
9.253785970947241424e+00
9.253787158369268795e+00
9.253789006304389275e+00
9.253789477160154320e+00
9.264932857900266328e+00
9.264933265814706331e+00
9.264933513010225496e+00
9.264937123089396209e+00
9.264940155295121826e+00
9.274419351835456737e+00
9.274426654866594788e+00
9.274426696464855624e+00
9.274429196327933056e+00
9.274433633866813409e+00
9.284022471219033790e+00
9.284026350700433028e+00
9.284032435299868879e+00
9.284034613297174943e+00
9.284038603969717585e+00
9.289466316473729890e+00
9.289467709287761110e+00
9.289469739027088835e+00
9.289474235617428022e+00
9.289478447410273176e+00
9.344428905791943407e+00
9.344430523386643372e+00
9.344431401770789236e+00
9.344432964252032292e+00
9.344438204215382626e+00
9.366580610366838755e+00
9.366581595635624424e+00
9.366585329670574112e+00
9.366585790249294163e+00
9.366585981348807266e+00
9.392140217831078886e+00
9.392140470441228572e+00
9.392141237151408362e+00
9.392145083147937612e+00
9.392145167324663646e+00
9.463163075769116972e+00
9.463165931029635658e+00
9.463165972152236094e+00
9.463168077372397846e+00
9.463168776287359307e+00
9.527657006016747587e+00
9.527661944832004792e+00
9.527662428177229970e+00
9.527665525452706063e+00
9.527666165320864522e+00
9.534778503824826501e+00
9.534782921965240021e+00
9.534787454379882732e+00
9.534787705255949319e+00
9.534790011977190005e+00
9.550819089078171231e+00
9.550820753050494716e+00
9.550821053768100199e+00
9.550823768440082517e+00
9.550825656973326971e+00
9.594956535211609960e+00
9.594957864894457344e+00
9.594958579410334920e+00
9.594961949366970444e+00
9.594962695847232936e+00
9.613736351538873848e+00
9.613737232486645468e+00
9.613743151702148992e+00
9.613746352910501614e+00
9.613749198044434507e+00
9.661679630762964877e+00
9.661679761997911342e+00
9.661681954018151330e+00
9.661684103457325534e+00
9.661685311590312963e+00
9.667538348405967596e+00
9.667543872328691279e+00
9.667544185370967824e+00
9.667545015804169140e+00
9.667545703093416876e+00
9.697147376507174954e+00
9.697147480914168227e+00
9.697148333515373864e+00
9.697149784560409103e+00
9.697150315458660685e+00
9.715927690524461369e+00
9.715934453056998876e+00
9.715934838362183967e+00
9.715934984148463016e+00
9.715936248890272964e+00
9.727599399122068391e+00
9.727599551682830636e+00
9.727599639983134594e+00
9.727606385365312747e+00
9.727606673781583169e+00
9.728961419319125170e+00
9.728962081404160855e+00
9.728963438244591089e+00
9.728965404918447746e+00
9.728965488945881646e+00
9.730223000789859356e+00
9.730226980199383036e+00
9.730227777832336500e+00
9.730228165495400816e+00
9.730228528796228460e+00
9.738988974405916821e+00
9.738989418723074110e+00
9.738991600802416215e+00
9.738995092580136514e+00
9.738997207063979644e+00
9.748208597424451227e+00
9.748212221089566754e+00
9.748213119608125865e+00
9.748214023522463023e+00
9.748225174717703112e+00
9.755189016871995022e+00
9.755190234977479946e+00
9.755190567667041179e+00
9.755191594843228842e+00
9.755195305138693485e+00
9.764882234717427778e+00
9.764882949974362347e+00
9.764885894294925706e+00
9.764887124130007479e+00
9.764887492572558614e+00
9.769086687884389164e+00
9.769088123801525470e+00
9.769091191963561016e+00
9.769094626965182826e+00
9.769096199756660326e+00
9.773677741797095919e+00
9.773682325101423984e+00
9.773684539993093168e+00
9.773684819237830723e+00
9.773684837490925759e+00
9.791460462137402843e+00
9.791460550443941813e+00
9.791460697878534347e+00
9.791460783259053002e+00
9.791461960749273885e+00
9.803024033939729875e+00
9.803025061688865449e+00
9.803030639251311129e+00
9.803031035128880077e+00
9.803036560500016705e+00
9.804247188280189818e+00
9.804248385679546374e+00
9.804248856123553679e+00
9.804249515133729886e+00
9.804251467552226984e+00
9.814126331518258084e+00
9.814129891182409082e+00
9.814132198788643180e+00
9.814133201730044220e+00
9.814133822712017619e+00
9.820985383809508917e+00
9.820985853151402267e+00
9.820989995041232490e+00
9.820992955226065746e+00
9.820995791115073814e+00
9.824543737324395565e+00
9.824545288785634156e+00
9.824546756777127854e+00
9.824551998030241151e+00
9.824553420405427673e+00
9.827258224769510164e+00
9.827259781434497299e+00
9.827261042274189506e+00
9.827261209991316804e+00
9.827265204292595868e+00
9.841080576308680605e+00
9.841080877063250298e+00
9.841081401868393641e+00
9.841081975016770400e+00
9.841085746471270213e+00
9.864760079175772134e+00
9.864760683371898153e+00
9.864761641970879680e+00
9.864766223717619908e+00
9.864767023756821018e+00
9.870700518463722872e+00
9.870700592283204955e+00
9.870701660110086095e+00
9.870703643337693123e+00
9.870703740205152954e+00
9.870814681423210502e+00
9.870815788565806770e+00
9.870815869729311132e+00
9.870817010040253692e+00
9.870818236792732847e+00
9.873866819964709052e+00
9.873867790389946109e+00
9.873871463828157502e+00
9.873874598028882232e+00
9.873876480779978593e+00
9.897657129856538560e+00
9.897657190613342593e+00
9.897662191689510891e+00
9.897662444840195306e+00
9.897663572141661703e+00
9.898339949562249274e+00
9.898340275894740969e+00
9.898340684286431213e+00
9.898340882122619533e+00
9.898342120703850000e+00
9.916925519257466348e+00
9.916925837420587087e+00
9.916927608664892091e+00
9.916927888106275901e+00
9.916929988549885167e+00
9.926103370381550661e+00
9.926107673589884328e+00
9.926108335631843360e+00
9.926109918623708950e+00
9.926110701110481216e+00
9.937732491373473920e+00
9.937732797056881395e+00
9.937733087751954741e+00
9.937738765252385420e+00
9.937743614629026112e+00
9.937809791246762003e+00
9.937813104486318494e+00
9.937818152416555861e+00
9.937818269967507945e+00
9.937822745797994628e+00
9.941673000722765607e+00
9.941675576913581835e+00
9.941675640041772510e+00
9.941681535962615612e+00
9.941681929638464865e+00
9.981971183639030798e+00
9.981971890092657063e+00
9.981979957087672162e+00
9.981982035638013784e+00
9.981984473966086568e+00
9.986058613056504996e+00
9.986058728532494655e+00
9.986059770545136161e+00
9.986060044226652721e+00
9.986062293862381978e+00
1.000032789071438444e+01
1.000032829854100491e+01
1.000032832528012605e+01
1.000033275694864088e+01
1.000033621069811929e+01
1.002258631406584577e+01
1.002258884712428078e+01
1.002259012392006454e+01
1.002259433173866476e+01
1.002259719324786680e+01
1.005027789347637857e+01
1.005027998131395428e+01
1.005028228747829644e+01
1.005028506945449607e+01
1.005028635446771723e+01
1.007289759517587946e+01
1.007289885723568723e+01
1.007290016375621633e+01
1.007290296989899581e+01
1.007290319332515161e+01
1.007739256881957601e+01
1.007739536976693273e+01
1.007739894485179022e+01
1.007739952458470434e+01
1.007739972317263977e+01
1.009123028248290410e+01
1.009123222300428502e+01
1.009123258752368635e+01
1.009123497695400928e+01
1.009123833590803621e+01
1.018088741077613513e+01
1.018088756827222596e+01
1.018089287826465572e+01
1.018089478629948275e+01
1.018089504319241989e+01
1.030726770682706217e+01
1.030726803036575490e+01
1.030727049227873948e+01
1.030727067573661770e+01
1.030727173722028134e+01
1.032834096777406074e+01
1.032834158924364765e+01
1.032834641905953710e+01
1.032834727621510496e+01
1.032835071426701568e+01
1.034942343715822588e+01
1.034942441290818849e+01
1.034942493303371869e+01
1.034942828122404102e+01
1.034942851238173489e+01
1.038665613025193046e+01
1.038666321158532568e+01
1.038666384720811031e+01
1.038666545359962967e+01
1.038666651089270410e+01
1.039594492692222616e+01
1.039594555096360473e+01
1.039594597502314777e+01
1.039594950481195745e+01
1.039594955949671728e+01
1.040356847187540623e+01
1.040357119282604792e+01
1.040357278612496472e+01
1.040357769759518902e+01
1.040358107315937630e+01
1.043713618582223823e+01
1.043713833026083826e+01
1.043713905468830916e+01
1.043713925064718318e+01
1.043714068000427098e+01
1.046852493277348017e+01
1.046853068414569776e+01
1.046853146857762340e+01
1.046853237780731227e+01
1.046853440671138102e+01
1.047888679632049502e+01
1.047888693442676633e+01
1.047888954708465192e+01
1.047889051385689463e+01
1.047889672578177489e+01
1.048590132601866465e+01
1.048590491299153449e+01
1.048590533360853883e+01
1.048590593931682946e+01
1.048590896738093825e+01
1.049007972555976487e+01
1.049007995566764073e+01
1.049008093069829428e+01
1.049008119136358275e+01
1.049008433873627233e+01
1.050446623653957978e+01
1.050447259371454578e+01
1.050447298383407713e+01
1.050447383981701321e+01
1.050447409617444983e+01
1.056779428081848948e+01
1.056779506724558004e+01
1.056779593846323273e+01
1.056779824859464334e+01
1.056779839184586045e+01
1.058247084805812221e+01
1.058247252819491102e+01
1.058247331261458868e+01
1.058247334521093919e+01
1.058247513407898310e+01
1.059296860479157765e+01
1.059296888280145943e+01
1.059296977358096647e+01
1.059297021308943343e+01
1.059297383809664694e+01
1.061166971051210162e+01
1.061167186169078569e+01
1.061167372884221294e+01
1.061167373204623132e+01
1.061167572935585035e+01
1.061948673455078129e+01
1.061948713642047792e+01
1.061949343254187461e+01
1.061949626708348227e+01
1.061949847400996561e+01
1.062661342888222293e+01
1.062661374588349439e+01
1.062662114703446115e+01
1.062662280157717909e+01
1.062662528467998690e+01
1.068256161147222194e+01
1.068256249206621611e+01
1.068256307571361674e+01
1.068256356911111382e+01
1.068256655305736835e+01
1.071033268208322298e+01
1.071033355362474282e+01
1.071033774891342993e+01
1.071033977478772492e+01
1.071034398539094568e+01
1.074193657678167391e+01
1.074193896163071749e+01
1.074194086327512743e+01
1.074194226201202262e+01
1.074194466350017940e+01
1.078191711129797170e+01
1.078191727428846391e+01
1.078191812205972866e+01
1.078192015138305493e+01
1.078192091635808580e+01
1.087832051284572188e+01
1.087832095265625298e+01
1.087832258368448990e+01
1.087832685170380387e+01
1.087832992992490766e+01
1.090493533732777287e+01
1.090493552833303070e+01
1.090493600539682184e+01
1.090493612583310856e+01
1.090493641434923688e+01
1.092552274534267021e+01
1.092552924747355192e+01
1.092552963764228835e+01
1.092553021876284092e+01
1.092553417059779441e+01
1.093415516003408428e+01
1.093415751827729920e+01
1.093415845904933015e+01
1.093415962797781660e+01
1.093416274243254627e+01
1.094082554043341027e+01
1.094082744361686821e+01
1.094082916785560755e+01
1.094082926777490705e+01
1.094083030281066193e+01
1.095795605111190341e+01
1.095795963191140743e+01
1.095796141475685381e+01
1.095796214540367863e+01
1.095796307716904217e+01
1.097350215982573118e+01
1.097350290737191969e+01
1.097350465077588488e+01
1.097350934322744287e+01
1.097351001991158803e+01
1.098774903380578571e+01
1.098775348213637315e+01
1.098775428080733896e+01
1.098775455019814373e+01
1.098775527450898437e+01
1.099857287194116040e+01
1.099857383384773257e+01
1.099857410395092927e+01
1.099857460448398250e+01
1.099857742563555441e+01
1.102639003952789665e+01
1.102639135447767593e+01
1.102639353553100854e+01
1.102639398220470035e+01
1.102639454917608219e+01
1.103010124404576864e+01
1.103010145009555387e+01
1.103010151262897587e+01
1.103010632355373133e+01
1.103010766981900481e+01
1.108614876870683297e+01
1.108615174416713423e+01
1.108615333277958825e+01
1.108615746840175476e+01
1.108615862330590929e+01
1.110465318254019174e+01
1.110465425155596719e+01
1.110465731471709994e+01
1.110465804545551904e+01
1.110465988962291561e+01
1.112711221345862178e+01
1.112711390640448172e+01
1.112711457931480119e+01
1.112711556754939046e+01
1.112711572802224325e+01
1.113092047211280899e+01
1.113092057048741879e+01
1.113092094565853962e+01
1.113092877268110037e+01
1.113092919579044171e+01
1.114899534685973492e+01
1.114899910590632182e+01
1.114900016494304502e+01
1.114900136451242929e+01
1.114900235973605014e+01
1.120183223467036093e+01
1.120183427208687021e+01
1.120183540219191087e+01
1.120183815059385601e+01
1.120184089050991538e+01
1.123368816983095719e+01
1.123368892701769717e+01
1.123369274337695245e+01
1.123369567750969544e+01
1.123369680837523887e+01
1.141459857145664003e+01
1.141459918764999770e+01
1.141460251074035348e+01
1.141460286258790369e+01
1.141461023314418632e+01
1.149982893758859248e+01
1.149982899298072070e+01
1.149982908101681289e+01
1.149983183478349780e+01
1.149983310098889966e+01
1.153411867316267703e+01
1.153412195977223043e+01
1.153412541250094137e+01
1.153412558061511639e+01
1.153412740880730958e+01
1.155759087615148317e+01
1.155759235723859568e+01
1.155759374282986229e+01
1.155759439065500516e+01
1.155759457175670235e+01
1.157036499820554276e+01
1.157036861689807949e+01
1.157036880031487946e+01
1.157037174836228033e+01
1.157037831938091799e+01
1.159678199589868974e+01
1.159678499371700866e+01
1.159678584362925946e+01
1.159679011294935869e+01
1.159679031112057324e+01
1.160716818598317879e+01
1.160716957776097935e+01
1.160717074223085632e+01
1.160717281331246653e+01
1.160717412609115762e+01
1.162423725596221757e+01
1.162423972370236314e+01
1.162424052748823655e+01
1.162424228066930709e+01
1.162424272059904951e+01
1.164639515376753920e+01
1.164639891661796156e+01
1.164639991773423588e+01
1.164640248937413425e+01
1.164640342791713579e+01
1.165187803823915758e+01
1.165187907992955374e+01
1.165187936648848144e+01
1.165188217378205238e+01
1.165188411353717512e+01
1.165777277186770355e+01
1.165777299527229616e+01
1.165777430490057043e+01
1.165777462203228509e+01
1.165777628401746391e+01
1.170231119484523141e+01
1.170231405384849488e+01
1.170231579822130819e+01
1.170231888109788443e+01
1.170231964427993354e+01
1.182307498770518528e+01
1.182307864861348357e+01
1.182308103804164823e+01
1.182308231178316760e+01
1.182308623277780057e+01
1.438526399357689911e+01
1.438526502207380275e+01
1.438526518472634841e+01
1.438526676634465318e+01
1.438527006392997620e+01
1.447602380567606062e+01
1.447602680682099319e+01
1.447602918145027751e+01
1.447603035612664080e+01
1.447603354490794203e+01
1.452567108923026495e+01
1.452567182634593479e+01
1.452567182847664462e+01
1.452567243756377557e+01
1.452567266455498718e+01
1.460011104459483278e+01
1.460011176004827682e+01
1.460011278814311098e+01
1.460011370313943857e+01
1.460011481218555396e+01
1.460224924668114355e+01
1.460224956806998264e+01
1.460225015357222311e+01
1.460225257245607189e+01
1.460225377428087334e+01
1.460982725612113597e+01
1.460982741519214656e+01
1.460982879379837307e+01
1.460983154563049879e+01
1.460983402607983273e+01
1.461352659114835184e+01
1.461352968537717878e+01
1.461353028680612809e+01
1.461353224961713337e+01
1.461353588561645900e+01
1.464806230990638625e+01
1.464806444400078433e+01
1.464806579352373106e+01
1.464806653546467352e+01
1.464806675201202246e+01
1.466004227986740815e+01
1.466004438573772006e+01
1.466004445648784582e+01
1.466004485731540896e+01
1.466004601066108570e+01
1.472256938571525353e+01
1.472257354840518317e+01
1.472257390737095228e+01
1.472257558372515440e+01
1.472257580477682737e+01
1.486050652547550222e+01
1.486050806683943826e+01
1.486050967565042846e+01
1.486050985380380496e+01
1.486051204588859243e+01
1.488287794742334036e+01
1.488287799163185987e+01
1.488287876710349344e+01
1.488287967015120294e+01
1.488288044630474083e+01
1.489014027966828735e+01
1.489014212405643889e+01
1.489014271604876072e+01
1.489014348283454225e+01
1.489014549807690635e+01
1.491314534792040369e+01
1.491315094198741065e+01
1.491315295906603211e+01
1.491315306054356782e+01
1.491315548533575885e+01
1.493826307925054486e+01
1.493826318045374180e+01
1.493826394831742199e+01
1.493826795404339869e+01
1.493827145491070674e+01
1.494743543005622044e+01
1.494743886748830342e+01
1.494743888853538749e+01
1.494743981464718985e+01
1.494744068538825132e+01
1.494744261710009070e+01
1.494745007085155208e+01
1.494745102131798298e+01
1.494745162647800640e+01
1.494745261204396769e+01
1.495830193697800681e+01
1.495830445755801641e+01
1.495830491223521008e+01
1.495831019007494866e+01
1.495831039491091907e+01
1.499713602870227724e+01
1.499713813511431226e+01
1.499714018278818450e+01
1.499714418634761337e+01
1.499714774738516887e+01
1.500633424966937213e+01
1.500633456511615904e+01
1.500633840196868363e+01
1.500634135193851826e+01
1.500634285519626587e+01
1.502186992505260577e+01
1.502187672739328406e+01
1.502187835830459761e+01
1.502187971663333599e+01
1.502188297534300432e+01
1.502219723934218720e+01
1.502220173314151808e+01
1.502220296522783549e+01
1.502220333439139743e+01
1.502220419555332853e+01
1.502620621592822481e+01
1.502620690839175310e+01
1.502620861753888981e+01
1.502621062277512465e+01
1.502621491459509251e+01
1.506104158690560091e+01
1.506104524179513859e+01
1.506104562751537479e+01
1.506104587477576118e+01
1.506104858953054482e+01
1.508643696230823217e+01
1.508643927879935553e+01
1.508643981996415206e+01
1.508644257517987519e+01
1.508644966230955120e+01
1.508956163931543770e+01
1.508956636265270390e+01
1.508956646943178370e+01
1.508957031003202509e+01
1.508957204325225554e+01
1.510351938840745767e+01
1.510352066004810645e+01
1.510352296204100853e+01
1.510352516186204852e+01
1.510352980398952916e+01
1.511465003241887750e+01
1.511465079288635138e+01
1.511465550197555707e+01
1.511465889353775793e+01
1.511466058740321117e+01
1.513045316625711756e+01
1.513045415854064757e+01
1.513045453047263855e+01
1.513045715317617201e+01
1.513045769813325947e+01
1.517749213189715185e+01
1.517749348165895285e+01
1.517749416697631126e+01
1.517749810930971499e+01
1.517749926609123534e+01
1.524079338919073479e+01
1.524079478899968620e+01
1.524079519969348517e+01
1.524079771132731764e+01
1.524079892973462158e+01
1.529193353934681454e+01
1.529193731239112708e+01
1.529193761853938405e+01
1.529193896942111230e+01
1.529194401072996179e+01
1.532190984785186672e+01
1.532191031061401354e+01
1.532191039548919953e+01
1.532191288585077338e+01
1.532191413887964693e+01
1.536764678363606862e+01
1.536764730087855746e+01
1.536764911451976090e+01
1.536764956141634464e+01
1.536765084846086715e+01
1.537084103002174551e+01
1.537084185215956289e+01
1.537084418660536755e+01
1.537084637453643765e+01
1.537084678072096366e+01
1.537628920381962416e+01
1.537629661216575272e+01
1.537629674036632288e+01
1.537629874879517367e+01
1.537629878251915372e+01
1.540263207497342002e+01
1.540263339030699719e+01
1.540263375725723094e+01
1.540263383649043227e+01
1.540263601403668758e+01
1.540621230912063133e+01
1.540621593384955723e+01
1.540621758765272098e+01
1.540621814582995164e+01
1.540621818914038421e+01
1.541186237003172899e+01
1.541186372358969336e+01
1.541186587848466694e+01
1.541186682543357556e+01
1.541186716036055060e+01
1.541188396687114981e+01
1.541188420406148829e+01
1.541188753276508905e+01
1.541188774323898336e+01
1.541189089190875450e+01
1.544904441947462281e+01
1.544904481034668997e+01
1.544904677164581486e+01
1.544905186327303248e+01
1.544905384527156045e+01
1.545968834768346767e+01
1.545968942881453856e+01
1.545969056414131515e+01
1.545969131032699551e+01
1.545969174482466890e+01
1.546425825853926916e+01
1.546426208428323257e+01
1.546426648163112816e+01
1.546426735490886450e+01
1.546426821030015653e+01
1.547498045600381289e+01
1.547498057616874689e+01
1.547498202391847677e+01
1.547498294238155303e+01
1.547498338952258834e+01
1.549382454689609645e+01
1.549383001107214852e+01
1.549383053175037261e+01
1.549383214175563594e+01
1.549383475783835706e+01
1.549634331669894394e+01
1.549634424890270701e+01
1.549634462609166441e+01
1.549634565903200212e+01
1.549634878229384860e+01
1.550856598104737571e+01
1.550856638837387891e+01
1.550856644782166782e+01
1.550856713126651165e+01
1.550856803236520598e+01
1.552070298982942376e+01
1.552070664455713533e+01
1.552070766541912583e+01
1.552070884461466882e+01
1.552070925735354479e+01
1.558215230100771365e+01
1.558215379422562386e+01
1.558215478364273032e+01
1.558215675503234188e+01
1.558215737745579332e+01
1.559281950227732239e+01
1.559282024844447534e+01
1.559282067746243428e+01
1.559282080100325985e+01
1.559282413260022793e+01
1.560339146812320443e+01
1.560339248884677765e+01
1.560339341319701489e+01
1.560339374636492238e+01
1.560339978261789007e+01
1.560555990245143398e+01
1.560556260196023537e+01
1.560556329190971603e+01
1.560556517255623099e+01
1.560556682024719066e+01
1.564561531661187210e+01
1.564561752583131415e+01
1.564561806100672925e+01
1.564562404925415606e+01
1.564562531158470549e+01
1.565064196581724865e+01
1.565064459667396513e+01
1.565064543287911825e+01
1.565064557815747115e+01
1.565064597013810221e+01
1.566146871685411135e+01
1.566147033419595580e+01
1.566147188161444781e+01
1.566147605259159370e+01
1.566147661955921500e+01
1.566573670789216344e+01
1.566573837736670427e+01
1.566574003087310096e+01
1.566574046117514207e+01
1.566574096868386157e+01
1.570935397328928929e+01
1.570935643729876041e+01
1.570935647554348336e+01
1.570935821829777979e+01
1.570935903225207930e+01
1.571377331348203121e+01
1.571377800034733774e+01
1.571377929731100664e+01
1.571377942964390861e+01
1.571378330267730306e+01
1.573594184830066034e+01
1.573594631171255465e+01
1.573594859009777025e+01
1.573595159744398941e+01
1.573595278317140966e+01
1.574267006531293589e+01
1.574267075782568526e+01
1.574267473086133329e+01
1.574267537969324948e+01
1.574268106588264615e+01
1.574870621988041286e+01
1.574870680261080835e+01
1.574871138336721188e+01
1.574871258187792300e+01
1.574871597341827645e+01
1.575892553721540956e+01
1.575892868102714672e+01
1.575893036268007563e+01
1.575893365764003740e+01
1.575893473806526046e+01
1.576529445180774403e+01
1.576529517426489413e+01
1.576529895658182490e+01
1.576530252883527794e+01
1.576530416225770104e+01
1.576842319754578270e+01
1.576842424953425770e+01
1.576842601063593818e+01
1.576842730368821499e+01
1.576842739570753693e+01
1.577293753751976269e+01
1.577294080187014380e+01
1.577294333440971918e+01
1.577294427343544392e+01
1.577294703553524258e+01
1.577528976129757154e+01
1.577529351360220922e+01
1.577529692614690404e+01
1.577529746269781086e+01
1.577530128142407406e+01
1.578042241589875694e+01
1.578042656562553070e+01
1.578042743179347340e+01
1.578043063225779186e+01
1.578043091860928904e+01
1.580026494869943399e+01
1.580027043812225429e+01
1.580027549016155497e+01
1.580027684135629329e+01
1.580027929676244547e+01
1.582289972965764413e+01
1.582290437124613192e+01
1.582290644417769343e+01
1.582290707397664065e+01
1.582291022967646121e+01
1.582304709961390543e+01
1.582305184978864965e+01
1.582305195767870742e+01
1.582305211342615792e+01
1.582305325272906948e+01
1.584234532435775300e+01
1.584234857212149450e+01
1.584234868170120869e+01
1.584234944686551216e+01
1.584235793132449110e+01
1.585619190277728663e+01
1.585619423473678324e+01
1.585619552553827383e+01
1.585619675346518953e+01
1.585619833642667409e+01
1.586130443395813572e+01
1.586130453132087048e+01
1.586130550013459839e+01
1.586130731941727312e+01
1.586131014107283654e+01
1.586163265903292618e+01
1.586163340080711848e+01
1.586163481515382578e+01
1.586163621573764360e+01
1.586163725361288179e+01
1.586619722903695617e+01
1.586619750057965206e+01
1.586619940783236160e+01
1.586619981426554560e+01
1.586620006260478277e+01
1.586669136088869791e+01
1.586669529906275145e+01
1.586669579277928932e+01
1.586670017405635669e+01
1.586670378130883385e+01
1.587560904379104265e+01
1.587560914422183522e+01
1.587561019690581787e+01
1.587561400925331156e+01
1.587561828667154629e+01
1.587872041492953556e+01
1.587872254115235826e+01
1.587872261583405908e+01
1.587872410109515187e+01
1.587872468930046033e+01
1.589191159236358253e+01
1.589191201121501607e+01
1.589191407161201575e+01
1.589191521997899414e+01
1.589192410995597449e+01
1.590192090085345455e+01
1.590192397230913635e+01
1.590192542048289148e+01
1.590192764739545694e+01
1.590193377675180741e+01
1.590210133825715566e+01
1.590210225370847041e+01
1.590210615663535165e+01
1.590210705899378674e+01
1.590210779702489674e+01
1.591717314608658640e+01
1.591717850431099279e+01
1.591717995366327187e+01
1.591718086025600165e+01
1.591718120204076747e+01
1.592551699054382475e+01
1.592552000234215370e+01
1.592552081346478232e+01
1.592552176030035227e+01
1.592552216563400513e+01
1.592627292113883364e+01
1.592627320483357778e+01
1.592627368247513076e+01
1.592627680365062659e+01
1.592627697494301486e+01
1.594071779677753398e+01
1.594071812156842682e+01
1.594071867814309051e+01
1.594072486866892824e+01
1.594072494419874353e+01
1.599013562413089673e+01
1.599013772159889868e+01
1.599013848061673393e+01
1.599014175079445721e+01
1.599014291921119835e+01
1.600147982500681110e+01
1.600148071617748968e+01
1.600148180629531680e+01
1.600148279949392816e+01
1.600148561954170390e+01
1.600557711965113583e+01
1.600557803251416544e+01
1.600557874540623970e+01
1.600557982170905191e+01
1.600558299863207168e+01
1.601230506191097902e+01
1.601230637909167953e+01
1.601230773881766112e+01
1.601230791595952496e+01
1.601230839153743091e+01
1.601618259946170753e+01
1.601618566463938009e+01
1.601618575418629575e+01
1.601618590630740613e+01
1.601618759560776439e+01
1.607107151549329416e+01
1.607107274997223101e+01
1.607107331945194062e+01
1.607107507496931476e+01
1.607107532942957562e+01
1.607524373422997144e+01
1.607524410513569535e+01
1.607524427268836220e+01
1.607524580120005453e+01
1.607524711835248610e+01
1.607722272828550558e+01
1.607722520626616003e+01
1.607722573357107620e+01
1.607722785026075485e+01
1.607723082307709106e+01
1.610242624339884898e+01
1.610242700839224383e+01
1.610242966240188167e+01
1.610243144576930163e+01
1.610243253541526087e+01
1.611843630074269740e+01
1.611843659533392881e+01
1.611843747874464583e+01
1.611843985694955705e+01
1.611844185033404386e+01
1.612520461163206420e+01
1.612520879140794250e+01
1.612520992342425075e+01
1.612521113093406910e+01
1.612521581506740631e+01
1.612583981848077386e+01
1.612584385645910601e+01
1.612584933416221489e+01
1.612585126476738751e+01
1.612585128574922777e+01
1.613411541953880857e+01
1.613411661808913777e+01
1.613411851305797384e+01
1.613412001354272718e+01
1.613412098747557977e+01
1.613991551973243688e+01
1.613991661991164150e+01
1.613991844085031246e+01
1.613991934695462049e+01
1.613992000120198966e+01
1.614013673655524173e+01
1.614013825499025856e+01
1.614014415955756476e+01
1.614014636604637687e+01
1.614014982097130257e+01
1.614172690261175092e+01
1.614172783595981286e+01
1.614172802287908581e+01
1.614173101606515814e+01
1.614173548055784480e+01
1.615229023125513308e+01
1.615229559247229574e+01
1.615229852549165912e+01
1.615229884610546662e+01
1.615230030468106293e+01
1.615467471035242042e+01
1.615467529143807823e+01
1.615467625998428858e+01
1.615467706385367563e+01
1.615467863075276611e+01
1.616520798040037477e+01
1.616520894847016621e+01
1.616520973401830119e+01
1.616521096627259979e+01
1.616521255846949856e+01
1.618022187303066417e+01
1.618022277072846649e+01
1.618022282408064072e+01
1.618022284688625589e+01
1.618022288011200516e+01
1.619246481927627812e+01
1.619246951286307379e+01
1.619247107188399326e+01
1.619247556819215816e+01
1.619247559914480661e+01
1.620390853077737958e+01
1.620390948574448231e+01
1.620391128328589403e+01
1.620391291663220557e+01
1.620391788427416202e+01
1.621055962287237051e+01
1.621056108400323126e+01
1.621056573807959467e+01
1.621056607664889526e+01
1.621056702900611057e+01
1.621688734110217567e+01
1.621689145215259842e+01
1.621689463694575650e+01
1.621689635492871062e+01
1.621689761036308752e+01
1.622133447062848788e+01
1.622133661902125823e+01
1.622133844646920409e+01
1.622134257048102413e+01
1.622134361624215160e+01
1.623920329559612341e+01
1.623920424829369580e+01
1.623920507291536097e+01
1.623920592345881886e+01
1.623920655064464569e+01
1.626169455703801958e+01
1.626169654869995540e+01
1.626169923339194057e+01
1.626170036995209145e+01
1.626170122003230034e+01
1.628435965100255345e+01
1.628435968529619515e+01
1.628436535804819130e+01
1.628436999991402701e+01
1.628437138585336896e+01
1.629996144746667497e+01
1.629996258702454881e+01
1.629996301423411253e+01
1.629996509077243516e+01
1.629997076017316004e+01
1.630590329212399325e+01
1.630590445998319993e+01
1.630590613123355226e+01
1.630590721603983795e+01
1.630590778265963436e+01
1.631806737980021893e+01
1.631806760286278291e+01
1.631806894193672619e+01
1.631807207746368604e+01
1.631807531132271905e+01
1.634724788215435254e+01
1.634725000710822940e+01
1.634725247202415943e+01
1.634725276149481843e+01
1.634725624010035361e+01
1.635580544002954184e+01
1.635581078734099236e+01
1.635581108231566816e+01
1.635581163623805168e+01
1.635581286648878319e+01
1.638300088085512840e+01
1.638300480241032986e+01
1.638300501533219844e+01
1.638300713149145693e+01
1.638300717538144724e+01
1.640999932944849249e+01
1.641000004966788239e+01
1.641000281527398030e+01
1.641000632707982732e+01
1.641000925441847613e+01
1.648852265759731495e+01
1.648852285726650635e+01
1.648852325619550285e+01
1.648852454118621225e+01
1.648853296894845144e+01
1.649588158679917527e+01
1.649588198073992018e+01
1.649588805886181930e+01
1.649588823233232304e+01
1.649589080156025034e+01
1.650419174449327286e+01
1.650419270957837625e+01
1.650419360247873257e+01
1.650419599802122761e+01
1.650420044123616492e+01
1.651175707529940695e+01
1.651175968019157025e+01
1.651175998134965539e+01
1.651176134197984524e+01
1.651176188308503967e+01
1.655396236238623331e+01
1.655396287053344651e+01
1.655396716602700025e+01
1.655396734666949854e+01
1.655397183998450572e+01
1.657628535121786584e+01
1.657628535780559176e+01
1.657628547443907863e+01
1.657628589329346624e+01
1.657628891903733503e+01
1.659568759143772354e+01
1.659568870214490488e+01
1.659568955923193911e+01
1.659569077827433858e+01
1.659569149625588835e+01
1.663005132283721821e+01
1.663005461081231573e+01
1.663005672538130852e+01
1.663005963781850127e+01
1.663006375108345836e+01
1.663783721055414233e+01
1.663783725759150300e+01
1.663783822370562859e+01
1.663784039035114759e+01
1.663784161482792712e+01
1.664192578670209244e+01
1.664192644593167358e+01
1.664192689325968644e+01
1.664192726155537372e+01
1.664193081660899409e+01
1.665980158919667531e+01
1.665980425841192059e+01
1.665980463110537357e+01
1.665980542888481608e+01
1.665980656848392272e+01
1.666583257662514583e+01
1.666583512343141038e+01
1.666583586628345515e+01
1.666583607153868485e+01
1.666583850794792809e+01
1.667285346098261556e+01
1.667285523294075844e+01
1.667285575678623744e+01
1.667285630688695264e+01
1.667285657735650162e+01
1.667750706267876382e+01
1.667750713444008781e+01
1.667751467912710339e+01
1.667751515295968545e+01
1.667751973029862711e+01
1.671161061133546255e+01
1.671161080521563491e+01
1.671161476453128358e+01
1.671161560204757990e+01
1.671161768650778967e+01
1.673063195372188972e+01
1.673063315543676310e+01
1.673063458466832998e+01
1.673063717563081809e+01
1.673063835335938521e+01
1.673991250984903090e+01
1.673991461507793943e+01
1.673991484712810518e+01
1.673991637870691562e+01
1.673992102819185845e+01
1.676444836219193846e+01
1.676444890433622348e+01
1.676444994360089424e+01
1.676445699868027361e+01
1.676445794614905083e+01
1.678659068113891806e+01
1.678659079293052869e+01
1.678659096932131689e+01
1.678659113029503658e+01
1.678659188482581754e+01
1.680415660291524560e+01
1.680416059142794438e+01
1.680416327929480502e+01
1.680416605016744214e+01
1.680416882882339991e+01
1.680596822692759673e+01
1.680597151758862040e+01
1.680597472879808763e+01
1.680597549292512838e+01
1.680597910064451028e+01
1.680654540768566463e+01
1.680655005708488758e+01
1.680655093196102712e+01
1.680655156279538787e+01
1.680655474749063316e+01
1.685209327926355982e+01
1.685209552090778118e+01
1.685209557341163489e+01
1.685209580078691616e+01
1.685210382887845881e+01
1.688431977807220008e+01
1.688432301542173519e+01
1.688432316954991208e+01
1.688432620849585675e+01
1.688432711538721875e+01
1.690575429309795297e+01
1.690575605340086440e+01
1.690575892853970430e+01
1.690576242663134110e+01
1.690576389241846655e+01
1.694058002303935240e+01
1.694058072653355040e+01
1.694058146443031632e+01
1.694058254087798332e+01
1.694058334604508076e+01
1.696399549882927715e+01
1.696399647410362022e+01
1.696399973943939798e+01
1.696400066401201201e+01
1.696400548085858162e+01
1.697257964738713554e+01
1.697258076411775463e+01
1.697258132139304365e+01
1.697258418156763682e+01
1.697258438442714024e+01
1.705132718185009821e+01
1.705133119241427764e+01
1.705133126008347944e+01
1.705133184943334612e+01
1.705133230967305025e+01
1.707318344176621139e+01
1.707318619534444082e+01
1.707318989858075753e+01
1.707319348115343161e+01
1.707319621346278637e+01
1.844983000267211182e+01
1.844983000271005125e+01
1.844983000276696217e+01
1.844983000277780150e+01
1.844983000282387309e+01
1.846962610718473741e+01
1.846962687377576628e+01
1.846962931428781829e+01
1.846962987322972793e+01
1.846963559017340373e+01
1.847988796128374744e+01
1.847988846932253537e+01
1.847988949447479712e+01
1.847989117853511587e+01
1.847989164375159277e+01
1.850380774109750348e+01
1.850380795557768465e+01
1.850380812210016401e+01
1.850380817080365148e+01
1.850380817221417118e+01
1.850382998385469335e+01
1.850383009499654818e+01
1.850383039894443016e+01
1.850383043033522767e+01
1.850383067861084641e+01
1.851767432126129265e+01
1.851767608423097755e+01
1.851767742769324698e+01
1.851767839075676392e+01
1.851768272523859693e+01
1.853489693099478686e+01
1.853489737357884692e+01
1.853489886307988499e+01
1.853490503913899090e+01
1.853490672970867692e+01
1.854209049693696088e+01
1.854209189369149868e+01
1.854209298038115250e+01
1.854209344790118053e+01
1.854210045773131910e+01
1.855536348359147780e+01
1.855536409794752117e+01
1.855536583825282548e+01
1.855536702842064400e+01
1.855536874059365360e+01
1.855644315227193530e+01
1.855644568710829390e+01
1.855644823627086026e+01
1.855644854828100065e+01
1.855645218209827974e+01
1.857810143156183713e+01
1.857810415766097378e+01
1.857810646728831472e+01
1.857810840474616043e+01
1.857810874364502851e+01
1.859083597847875069e+01
1.859083610485821936e+01
1.859083653401857816e+01
1.859083691790393544e+01
1.859083724328197107e+01
1.859084943327496120e+01
1.859084995153798658e+01
1.859085039301322340e+01
1.859085075766302708e+01
1.859085078510125655e+01
1.859934065078114429e+01
1.859934150763407956e+01
1.859934618109195625e+01
1.859934800210211492e+01
1.859935211506035202e+01
1.861280049453601038e+01
1.861280598038619161e+01
1.861280707210494967e+01
1.861280948517445211e+01
1.861281148978305211e+01
1.861289790111684894e+01
1.861290320364611972e+01
1.861290450612423797e+01
1.861290477354623007e+01
1.861290648551698013e+01
1.861535079845663176e+01
1.861535321514474717e+01
1.861535374102786022e+01
1.861535556722191842e+01
1.861536001504402549e+01
1.862218264282143565e+01
1.862218462827871335e+01
1.862218670764794837e+01
1.862218784166081775e+01
1.862218915717751955e+01
1.862649206138664937e+01
1.862649566857115246e+01
1.862649697052292908e+01
1.862649787652257416e+01
1.862649843548163986e+01
1.863169875115524832e+01
1.863170275685504862e+01
1.863170336372388647e+01
1.863170383680998654e+01
1.863170422179892327e+01
1.863745163102777980e+01
1.863745336390141105e+01
1.863745556696245842e+01
1.863745590925167051e+01
1.863745610771223227e+01
1.864980556943691070e+01
1.864980743767881322e+01
1.864980820286096375e+01
1.864980925338112172e+01
1.864981531283084948e+01
1.865654301939134641e+01
1.865654633578251520e+01
1.865654663938640212e+01
1.865654860027706263e+01
1.865655037902237723e+01
1.868248768558941109e+01
1.868248845503456934e+01
1.868248846974085353e+01
1.868249116281337763e+01
1.868249448326427142e+01
1.868652940739130486e+01
1.868653025872914597e+01
1.868653425784460254e+01
1.868653629189208587e+01
1.868653748722057628e+01
1.869690959247276396e+01
1.869691335112296215e+01
1.869691436733612377e+01
1.869691456653476536e+01
1.869691494335094717e+01
1.870883023762041475e+01
1.870883493906288209e+01
1.870883593820310509e+01
1.870883618326645248e+01
1.870884250919334590e+01
1.872968161130615528e+01
1.872968457316086344e+01
1.872968681832667670e+01
1.872968800343721796e+01
1.872969268132555243e+01
1.873631533755236589e+01
1.873631546979554940e+01
1.873631598216949357e+01
1.873631713022332335e+01
1.873632282101800683e+01
1.875392993700520350e+01
1.875393068440853739e+01
1.875393144806976053e+01
1.875393499923682583e+01
1.875393580880024302e+01
