2.726607835498167542e+00
2.726609831292332586e+00
2.726611077326578148e+00
2.726611090731496656e+00
2.726613139867847480e+00
2.726721221577300014e+00
2.726721902119833008e+00
2.726724407673059680e+00
2.726727099252875597e+00
2.726729203313009720e+00
2.726875650960270292e+00
2.726877071670081865e+00
2.726877158380993205e+00
2.726877586269687903e+00
2.726881042161538371e+00
2.727058086326728414e+00
2.727060117929196004e+00
2.727063498582311674e+00
2.727063516330340054e+00
2.727067803355830655e+00
2.727128288199878181e+00
2.727128483918570545e+00
2.727129287822636083e+00
2.727131611437188852e+00
2.727135179249462915e+00
2.727164072988641941e+00
2.727164145866544764e+00
2.727164458205628250e+00
2.727166993878446632e+00
2.727168854709953738e+00
2.727248739994208915e+00
2.727252506003065236e+00
2.727252947821305451e+00
2.727254431878331165e+00
2.727254975006920823e+00
2.727315036624848421e+00
2.727315121671860965e+00
2.727317023541634633e+00
2.727317338778163069e+00
2.727317439536512733e+00
2.727371027894811117e+00
2.727371595382631408e+00
2.727372735069411025e+00
2.727376568224490594e+00
2.727376655927816529e+00
2.727622379985909618e+00
2.727626252641662141e+00
2.727626798409195530e+00
2.727627265793476585e+00
2.727627277946896633e+00
2.728178413612277087e+00
2.728181710315498609e+00
2.728181862138226332e+00
2.728186032256598281e+00
2.728187442387344674e+00
2.728662009776952946e+00
2.728662649449360433e+00
2.728663045669069032e+00
2.728665352896906704e+00
2.728665701913665753e+00
2.771591856911836071e+00
2.771592237902249956e+00
2.771592846325015458e+00
2.771593158762663656e+00
2.771594325816821414e+00
2.771781338237199854e+00
2.771782797424791500e+00
2.771787820216403464e+00
2.771789906197798636e+00
2.771790147089061573e+00
2.771913724523185518e+00
2.771916283187498387e+00
2.771919246641214141e+00
2.771919733217395709e+00
2.771921652085426402e+00
2.772144313288902318e+00
2.772144787885365780e+00
2.772145616972528703e+00
2.772146237953546422e+00
2.772148530905225172e+00
2.772620400072826286e+00
2.772622014014892944e+00
2.772624007506246713e+00
2.772626110495246099e+00
2.772628028459641847e+00
2.773284003145008114e+00
2.773284112419786229e+00
2.773285383097094936e+00
2.773286317602277951e+00
2.773289594110215361e+00
2.788969044682998888e+00
2.788969432944721216e+00
2.788969824164470701e+00
2.788970354180911659e+00
2.788971193002896420e+00
2.789234486628902498e+00
2.789236910321529983e+00
2.789237673594704425e+00
2.789238540587735127e+00
2.789239278046973247e+00
2.789239371118943822e+00
2.789239490846922909e+00
2.789239797041480617e+00
2.789240671383522052e+00
2.789241512185705041e+00
2.789338780248824534e+00
2.789343780712588927e+00
2.789345097581151123e+00
2.789345480753504525e+00
2.789347819795874983e+00
2.789377563937875948e+00
2.789378726688076959e+00
2.789380884192762977e+00
2.789384422520495566e+00
2.789386025597748286e+00
2.789403443569968388e+00
2.789404624449454140e+00
2.789407994593117834e+00
2.789411132228449386e+00
2.789413655143317516e+00
2.789413894154110451e+00
2.789415176717155109e+00
2.789415340353601724e+00
2.789415880090310385e+00
2.789417837040553128e+00
2.789475459275453151e+00
2.789476242487109126e+00
2.789479638552681440e+00
2.789480449456493094e+00
2.789482749722607569e+00
2.789922504120858182e+00
2.789925660622519565e+00
2.789927826682977230e+00
2.789929689902596710e+00
2.789930908212603811e+00
2.790532633674080110e+00
2.790536399565502812e+00
2.790540064378220109e+00
2.790544367108324764e+00
2.790545149052421348e+00
2.790552998977084087e+00
2.790554166057344077e+00
2.790558880869565161e+00
2.790559768111050332e+00
2.790567099945815865e+00
2.790748705437306576e+00
2.790752371135784227e+00
2.790752675283139528e+00
2.790756839443379711e+00
2.790757704029499298e+00
4.411829391590295302e+00
4.411830509811092149e+00
4.411832418791538757e+00
4.411833678653355406e+00
4.411835311182864316e+00
4.412035396922830977e+00
4.412035701340142779e+00
4.412040078943072707e+00
4.412041522594727816e+00
4.412042248188472904e+00
4.412107174310252233e+00
4.412108046512460469e+00
4.412111058099059235e+00
4.412112777933039354e+00
4.412114377676535248e+00
4.412398004112955796e+00
4.412400818182772078e+00
4.412401655311990467e+00
4.412405093404276002e+00
4.412409544013338625e+00
4.412544796837761574e+00
4.412546203429489111e+00
4.412548152190523432e+00
4.412549691176292477e+00
4.412549869145956372e+00
4.412644050203914148e+00
4.412645881928438207e+00
4.412647134827347273e+00
4.412647454306767969e+00
4.412649498000039472e+00
4.412891140930172540e+00
4.412892058967678111e+00
4.412892210161041717e+00
4.412892311183221672e+00
4.412894074504847275e+00
4.412968075354726238e+00
4.412968825190134226e+00
4.412970040018399764e+00
4.412972079222799771e+00
4.412976073603843474e+00
4.413351590503525657e+00
4.413353462731032018e+00
4.413355311902725120e+00
4.413357265517941386e+00
4.413361622131138695e+00
4.413376848310146094e+00
4.413380709671441693e+00
4.413382623725253140e+00
4.413384111959890888e+00
4.413387585936680679e+00
4.413742369769671825e+00
4.413742840866468065e+00
4.413743979276550711e+00
4.413746116146691101e+00
4.413746816877923251e+00
4.415066819528330022e+00
4.415068998962530245e+00
4.415069812686997608e+00
4.415072087486228369e+00
4.415075753880107534e+00
4.724569949836705085e+00
4.724571042962525169e+00
4.724571899177745671e+00
4.724572308188330183e+00
4.724572978058440675e+00
4.724658798273162041e+00
4.724662619330612046e+00
4.724665889404244368e+00
4.724667386864391361e+00
4.724671271189139432e+00
4.724960115694099905e+00
4.724964284584593166e+00
4.724965973993885626e+00
4.724967611677354462e+00
4.724968625144509993e+00
4.725397319390190809e+00
4.725397557973296081e+00
4.725399251851635896e+00
4.725400210384301580e+00
4.725401735926798352e+00
4.726025241881384176e+00
4.726025762181158107e+00
4.726027373693470146e+00
4.726029521575166648e+00
4.726032936163267806e+00
4.727161292668148107e+00
4.727164349596911563e+00
4.727165849861838076e+00
4.727169183443723277e+00
4.727170603193838971e+00
4.739449305151390845e+00
4.739452168004230082e+00
4.739453022870888432e+00
4.739453766891286612e+00
4.739455198870435204e+00
4.739673273950431032e+00
4.739674258100444959e+00
4.739674632472149263e+00
4.739677652298730059e+00
4.739678920665407524e+00
4.739830359801919357e+00
4.739831572545589289e+00
4.739832509815087747e+00
4.739833419467397668e+00
4.739835754812606439e+00
4.740018615606905072e+00
4.740019070267544876e+00
4.740020664490820046e+00
4.740025688717309116e+00
4.740027241546191483e+00
4.740053999112246785e+00
4.740054669927341813e+00
4.740055295974932470e+00
4.740059541461478787e+00
4.740059888788326070e+00
4.740111648948787781e+00
4.740118046684069775e+00
4.740123239009720102e+00
4.740125302858563927e+00
4.740128393408769014e+00
4.740253157859820377e+00
4.740253943893723232e+00
4.740254518251103555e+00
4.740254752036012320e+00
4.740254923081669070e+00
4.740256197664847626e+00
4.740259377818897057e+00
4.740263234357350086e+00
4.740264149042752173e+00
4.740265321551104805e+00
4.740687565459254849e+00
4.740687678617945267e+00
4.740688723529525639e+00
4.740690148132443049e+00
4.740694351210589907e+00
4.741506967557888252e+00
4.741507868062647901e+00
4.741508201848859017e+00
4.741508580409825591e+00
4.741510158441084144e+00
4.742192120992147153e+00
4.742192277670739919e+00
4.742194574266222595e+00
4.742197155433333755e+00
4.742200073130613980e+00
4.742227341239556360e+00
4.742231200458282281e+00
4.742237534497824036e+00
4.742237615683127849e+00
4.742238308404586711e+00
5.344282275404247606e+00
5.344283294511996907e+00
5.344283707860203236e+00
5.344283739510842679e+00
5.344284244134100526e+00
5.344676560503918594e+00
5.344676931415031973e+00
5.344678435659155014e+00
5.344680876965433036e+00
5.344683750391597599e+00
5.344689450304853651e+00
5.344692495906570251e+00
5.344692768728619647e+00
5.344693071617864888e+00
5.344694709578836189e+00
5.344869120670776574e+00
5.344870879160692922e+00
5.344875075004091869e+00
5.344875889101635913e+00
5.344879777038956448e+00
5.344931131015628445e+00
5.344931784943565134e+00
5.344932266858019254e+00
5.344933550962069901e+00
5.344933930255827192e+00
5.345069174734786266e+00
5.345071121266768976e+00
5.345071734167840205e+00
5.345073469756987272e+00
5.345075072194965138e+00
5.345240592358775800e+00
5.345243049665749702e+00
5.345243834148260653e+00
5.345245236413386003e+00
5.345249716870110746e+00
5.345496282161273705e+00
5.345497477887347415e+00
5.345498752960287980e+00
5.345499856234213532e+00
5.345502965699298059e+00
5.345820764354151322e+00
5.345820898589850323e+00
5.345823025175824306e+00
5.345825585688331216e+00
5.345826971292654051e+00
5.346644256260183248e+00
5.346649280343718225e+00
5.346650636230124931e+00
5.346653958224713676e+00
5.346655072893705452e+00
5.346749223200953693e+00
5.346749859625004042e+00
5.346750924271674421e+00
5.346751190498768125e+00
5.346751962575035932e+00
5.347706928665780346e+00
5.347707335241898008e+00
5.347709673364851035e+00
5.347713036065043113e+00
5.347713837295335004e+00
5.358992560668469629e+00
5.358994669049409687e+00
5.358995236282637187e+00
5.358995828007333095e+00
5.358995904691474799e+00
5.359122632399822450e+00
5.359123417808176804e+00
5.359123557700456786e+00
5.359123896813732024e+00
5.359124460758492248e+00
5.359575640682758824e+00
5.359575731445541003e+00
5.359577671029685852e+00
5.359580473003460632e+00
5.359582420329030761e+00
5.359698999617422466e+00
5.359699948849748097e+00
5.359704716418619341e+00
5.359704903257267006e+00
5.359706381883246884e+00
5.359741654744191841e+00
5.359742822692147968e+00
5.359743488544951084e+00
5.359743929927995865e+00
5.359747410587554661e+00
5.359747723895220695e+00
5.359749166612184368e+00
5.359751318755376914e+00
5.359754418385231034e+00
5.359755760302888916e+00
5.359822347037259682e+00
5.359824999102116294e+00
5.359825403667549004e+00
5.359827877880035452e+00
5.359829429534115341e+00
5.360054956677217319e+00
5.360057003008456888e+00
5.360057016049363021e+00
5.360057258518793333e+00
5.360057659820461673e+00
5.360467634777772439e+00
5.360470896656374329e+00
5.360471720147397257e+00
5.360472370481914162e+00
5.360475796774014867e+00
5.360960158068701631e+00
5.360962640888295105e+00
5.360966130185864209e+00
5.360966945318726751e+00
5.360967020948739226e+00
5.361747338414968311e+00
5.361752001995243155e+00
5.361755031302716468e+00
5.361756721448671215e+00
5.361758993352834679e+00
5.362389113762634274e+00
5.362391252426477628e+00
5.362394268328280589e+00
5.362396084531615870e+00
5.362396277868691996e+00
6.447161738331061542e+00
6.447164406845849349e+00
6.447165026614411154e+00
6.447166817455555865e+00
6.447167900101562488e+00
6.447185610241107590e+00
6.447187663415731684e+00
6.447187724457850599e+00
6.447188869840870140e+00
6.447190356891907115e+00
6.447503501239840062e+00
6.447504241068787501e+00
6.447504559789003942e+00
6.447504932979888359e+00
6.447507426789053753e+00
6.447690606046477590e+00
6.447693392997219775e+00
6.447694253591744307e+00
6.447698397885869070e+00
6.447700851109641640e+00
6.447860819543175914e+00
6.447866600232980083e+00
6.447867634536241788e+00
6.447868354774313637e+00
6.447874016092436378e+00
6.447890771120428965e+00
6.447892683187275154e+00
6.447893090250488513e+00
6.447896359115894427e+00
6.447897180709382781e+00
6.448130449804811981e+00
6.448131969880889436e+00
6.448133080210116219e+00
6.448135266703079793e+00
6.448136152323398207e+00
6.448596848888911381e+00
6.448599044614264919e+00
6.448599096656575824e+00
6.448600090515769878e+00
6.448600303430194636e+00
6.449090860315118690e+00
6.449091055179791532e+00
6.449092879514140897e+00
6.449093056864662721e+00
6.449096693343959963e+00
6.449333652316338039e+00
6.449335906874443580e+00
6.449337753924816674e+00
6.449339112661078843e+00
6.449345767479055525e+00
6.449365135840890773e+00
6.449367958428173786e+00
6.449371727866211046e+00
6.449372490165226068e+00
6.449378387015293868e+00
6.451072579114266681e+00
6.451073237237350710e+00
6.451074048288393925e+00
6.451076548646744513e+00
6.451076637089347088e+00
6.781821563643501527e+00
6.781821779094463487e+00
6.781822124186094314e+00
6.781822802484594348e+00
6.781823434173142040e+00
6.782149868257115521e+00
6.782149938433977177e+00
6.782150654984007154e+00
6.782151852605483811e+00
6.782153779545256000e+00
6.782224252337871739e+00
6.782224352452518978e+00
6.782229000638359651e+00
6.782232935877386737e+00
6.782234298149836249e+00
6.782414403308012929e+00
6.782419599619298189e+00
6.782419728245959512e+00
6.782423112811526877e+00
6.782429450020103445e+00
6.782523403947824825e+00
6.782524037097103609e+00
6.782524276477010616e+00
6.782524912589705579e+00
6.782526224667325465e+00
6.782537983631200973e+00
6.782539018413384468e+00
6.782539109721374082e+00
6.782540016328691301e+00
6.782541681803363254e+00
6.782660100484175558e+00
6.782660383382024705e+00
6.782662746340850646e+00
6.782667040434757766e+00
6.782667698398617162e+00
6.783295872243816582e+00
6.783296244282715826e+00
6.783297959967555357e+00
6.783300271991502761e+00
6.783302828888004399e+00
6.783851931469318863e+00
6.783853431089147179e+00
6.783854776224208294e+00
6.783859705484776015e+00
6.783860658297752089e+00
6.784182654653395872e+00
6.784185979179815362e+00
6.784187017801027508e+00
6.784188006887781341e+00
6.784189905692499245e+00
6.784475289018303990e+00
6.784476896872742913e+00
6.784478631847845165e+00
6.784479738793535830e+00
6.784483584363661279e+00
6.785694679404607577e+00
6.785696682883783915e+00
6.785699486906269229e+00
6.785703056544694078e+00
6.785706625112819523e+00
6.788457071654795172e+00
6.788457395697493624e+00
6.788457531847717163e+00
6.788457605590536126e+00
6.788460825290221656e+00
6.788540087132136414e+00
6.788540687504199589e+00
6.788541564916575233e+00
6.788543322466167318e+00
6.788545015229699331e+00
6.788603972761999117e+00
6.788607345693224104e+00
6.788609250862800870e+00
6.788610936782280447e+00
6.788611560554926427e+00
6.788913287132190000e+00
6.788916992061399647e+00
6.788920346255360450e+00
6.788922541243197273e+00
6.788926314064691603e+00
6.789026659971222344e+00
6.789027714201790076e+00
6.789028935672612342e+00
6.789031856502074191e+00
6.789032209814592100e+00
6.789050680478087685e+00
6.789050785978846925e+00
6.789051213726406964e+00
6.789052349798165409e+00
6.789052847562758508e+00
6.789208905321739707e+00
6.789216207280484028e+00
6.789217306479445213e+00
6.789218001566896810e+00
6.789219336219739276e+00
6.789947546623611885e+00
6.789952171385304602e+00
6.789954418064970021e+00
6.789954818214919641e+00
6.789956948508584667e+00
6.790148735344462061e+00
6.790151060941132855e+00
6.790152141454564472e+00
6.790153159075279277e+00
6.790161440415094063e+00
6.790457769649996145e+00
6.790460280783622515e+00
6.790462514659807880e+00
6.790463519009581894e+00
6.790463874324050408e+00
6.791173315075973882e+00
6.791174447788835167e+00
6.791175261661268614e+00
6.791176454628461201e+00
6.791182534831470718e+00
6.792186995555996809e+00
6.792188028529539956e+00
6.792198825063943346e+00
6.792199794028442206e+00
6.792200618194370598e+00
6.959096858134681263e+00
6.959099951574197362e+00
6.959100698057184786e+00
6.959100757921240721e+00
6.959101093632710899e+00
6.959187555375986101e+00
6.959191436582269574e+00
6.959191663771015612e+00
6.959192236136317433e+00
6.959193266507260667e+00
6.959253069848803541e+00
6.959253440039383953e+00
6.959256303585894088e+00
6.959256453810277243e+00
6.959256608474787775e+00
6.959408341468403592e+00
6.959408406208103415e+00
6.959408946692239972e+00
6.959412062811053623e+00
6.959416799940925991e+00
6.959627347753612803e+00
6.959629595747176545e+00
6.959632563964853524e+00
6.959632829323685321e+00
6.959636250214517261e+00
6.959712220278938766e+00
6.959713272506274251e+00
6.959714550022866320e+00
6.959716090552832135e+00
6.959716990086593391e+00
6.960062025600060487e+00
6.960064475829228492e+00
6.960067759727630587e+00
6.960068503470350443e+00
6.960070344393079367e+00
6.960142604408332545e+00
6.960144038114441933e+00
6.960144475346758064e+00
6.960145831266756566e+00
6.960150427296812659e+00
6.960354617632638963e+00
6.960356471747693341e+00
6.960359586925089381e+00
6.960360784937804191e+00
6.960362528173370755e+00
6.961644325531145761e+00
6.961646999532510094e+00
6.961649586944174573e+00
6.961649632558363443e+00
6.961652388054146101e+00
6.962106666297206203e+00
6.962107691130610121e+00
6.962107914116241858e+00
6.962109723948625373e+00
6.962110463839251473e+00
6.962481609490971834e+00
6.962483468310714407e+00
6.962489000479640922e+00
6.962489883841842087e+00
6.962489903023199922e+00
6.998795113081964558e+00
6.998795261114586275e+00
6.998795889486990163e+00
6.998796683637837468e+00
6.998798669236027337e+00
6.999493299589620854e+00
6.999499335245342735e+00
6.999501647788933134e+00
6.999502117986678762e+00
6.999505593375863199e+00
6.999640753995880260e+00
6.999641169838637822e+00
6.999644100952562731e+00
6.999644437376802308e+00
6.999644481293318066e+00
6.999909778197144661e+00
6.999910154066265378e+00
6.999911734329226753e+00
6.999912999945070879e+00
6.999918659213120620e+00
7.000566924092648691e+00
7.000567419295382621e+00
7.000567953152087242e+00
7.000570336329747789e+00
7.000570632698451590e+00
7.002363118954914256e+00
7.002366735076075877e+00
7.002373375891919771e+00
7.002374103038197184e+00
7.002379491644250997e+00
7.635611532686821690e+00
7.635611893266969652e+00
7.635612114015483343e+00
7.635612265954839550e+00
7.635612512418371800e+00
7.635733159317447338e+00
7.635734933816128667e+00
7.635736601494317988e+00
7.635739114316308473e+00
7.635740617680776943e+00
7.635776409180667024e+00
7.635778250296429981e+00
7.635779257947415744e+00
7.635783611398374582e+00
7.635783735046456577e+00
7.636454217560659785e+00
7.636457300044307672e+00
7.636457424238021652e+00
7.636460941732106100e+00
7.636462123536002622e+00
7.637565459915874655e+00
7.637566960289120743e+00
7.637568183401048927e+00
7.637571013830247502e+00
7.637573847433490215e+00
7.638741754471085166e+00
7.638742423946496274e+00
7.638743493448382438e+00
7.638745850268877646e+00
7.638747381462486885e+00
7.668933869358895095e+00
7.668935043009556196e+00
7.668935659750966138e+00
7.668936860804109301e+00
7.668938927061551780e+00
7.669078711383786384e+00
7.669079186975447548e+00
7.669079424057361649e+00
7.669081891113171956e+00
7.669084299223733581e+00
7.669432425551450550e+00
7.669433744553765919e+00
7.669438982878735267e+00
7.669439595491969186e+00
7.669442246708686461e+00
7.669578237465212389e+00
7.669581891928660689e+00
7.669582114991663424e+00
7.669590870202921629e+00
7.669592882343886586e+00
7.669673764672132243e+00
7.669676416622802861e+00
7.669677598732556056e+00
7.669678889503784625e+00
7.669680413276683595e+00
7.669832316674204620e+00
7.669834573737558614e+00
7.669836941330630431e+00
7.669840976460985615e+00
7.669841267412253139e+00
7.670367421082252335e+00
7.670368731788583361e+00
7.670369963880490083e+00
7.670372700227805929e+00
7.670375898357264077e+00
7.670509724457691192e+00
7.670511200695818488e+00
7.670512073994800062e+00
7.670512426819996676e+00
7.670513553374376237e+00
7.670551017501936464e+00
7.670553812013836570e+00
7.670554486743444755e+00
7.670554797796571123e+00
7.670561041683978232e+00
7.671024787829850311e+00
7.671025175985280775e+00
7.671025246745053039e+00
7.671025283584978816e+00
7.671025594084535548e+00
7.671917462935845755e+00
7.671924025418916493e+00
7.671925473341096868e+00
7.671927154796243542e+00
7.671928346315546321e+00
7.673029347031066649e+00
7.673030455537108274e+00
7.673031434029186748e+00
7.673034482406553280e+00
7.673039681443072801e+00
8.401237767430464132e+00
8.401238471523113205e+00
8.401239093639699007e+00
8.401239470387688257e+00
8.401240604113180410e+00
8.401308182402308589e+00
8.401310044255001941e+00
8.401310412887980306e+00
8.401310635591329401e+00
8.401311596274714688e+00
8.401431036704401834e+00
8.401432456837346407e+00
8.401433768720670159e+00
8.401439886644432420e+00
8.401440150884846858e+00
8.401451780460325480e+00
8.401456543838097701e+00
8.401456913613257527e+00
8.401457176228419144e+00
8.401458320369147970e+00
8.401498604826404204e+00
8.401499230137440932e+00
8.401501389775519968e+00
8.401503269558370235e+00
8.401503659185062034e+00
8.401548288238306128e+00
8.401548454112491626e+00
8.401548564502855143e+00
8.401549649618218041e+00
8.401550309746410150e+00
8.401759124665499456e+00
8.401759976296633070e+00
8.401760335150008530e+00
8.401766239386811108e+00
8.401766695386156059e+00
8.402524504611694312e+00
8.402525987356421311e+00
8.402526238394022684e+00
8.402527340038828285e+00
8.402529330392129125e+00
8.402895850086444796e+00
8.402898830177594647e+00
8.402898900742529875e+00
8.402899891382736186e+00
8.402902127068957228e+00
8.403718812912531533e+00
8.403719457525934189e+00
8.403722007378636505e+00
8.403724222022043833e+00
8.403728666681237414e+00
8.403869982032087904e+00
8.403871491187857146e+00
8.403873290049059364e+00
8.403874996053902535e+00
8.403883626901315296e+00
8.404692726887759591e+00
8.404693668766279657e+00
8.404693852663521980e+00
8.404699239562352986e+00
8.404700164806595097e+00
8.608757021527557285e+00
8.608757296602105313e+00
8.608758847360054034e+00
8.608759578650108324e+00
8.608760841985333201e+00
8.608812661488226325e+00
8.608814763334148523e+00
8.608815017579363627e+00
8.608816299927649851e+00
8.608818179721302144e+00
8.609102805827097527e+00
8.609108335826654468e+00
8.609110468108770675e+00
8.609111661286545925e+00
8.609111934044069159e+00
8.609217299389069211e+00
8.609218000846535546e+00
8.609223443191609704e+00
8.609223556837166669e+00
8.609225165327016427e+00
8.609270299996394371e+00
8.609271643367980786e+00
8.609271809938398690e+00
8.609274043483573280e+00
8.609276088615118283e+00
8.609383649396743721e+00
8.609384195928301509e+00
8.609384297602238334e+00
8.609387900118104398e+00
8.609388258906669478e+00
8.610127752461051998e+00
8.610128331976243388e+00
8.610129689087150595e+00
8.610131599023327809e+00
8.610131822376473565e+00
8.610580587579445222e+00
8.610580793262439414e+00
8.610582049362285773e+00
8.610582141533752676e+00
8.610585835888288742e+00
8.610681486961413000e+00
8.610682789819863459e+00
8.610685240711100974e+00
8.610685444696025925e+00
8.610689697544557930e+00
8.610810761705311123e+00
8.610810907301356565e+00
8.610810912718964261e+00
8.610813286827209367e+00
8.610817312601632523e+00
8.610959740127693607e+00
8.610964222693066716e+00
8.610966298093378768e+00
8.610966690279319380e+00
8.610967167902801478e+00
8.612797149016106601e+00
8.612801930318612520e+00
8.612803018605498906e+00
8.612807713690118661e+00
8.612810177369521369e+00
8.671708264084996287e+00
8.671709460936753544e+00
8.671709795282589894e+00
8.671709955003107595e+00
8.671710757803214875e+00
8.671829983648203566e+00
8.671830201278158512e+00
8.671832800752097725e+00
8.671834362128926443e+00
8.671835144068410273e+00
8.672030518292702439e+00
8.672033531242830051e+00
8.672036713241013217e+00
8.672037724566239447e+00
8.672041930220355965e+00
8.672086877620634127e+00
8.672087668796942594e+00
8.672088800865681790e+00
8.672093233614361907e+00
8.672095024208395841e+00
8.672177863518482965e+00
8.672179754525386031e+00
8.672180432555585128e+00
8.672182247168240821e+00
8.672187739388487415e+00
8.672672845005742204e+00
8.672676898265033074e+00
8.672678535147028356e+00
8.672679022712648234e+00
8.672681411409046248e+00
8.672933417811991674e+00
8.672935090486957321e+00
8.672936948940654034e+00
8.672938251901715745e+00
8.672943103393450315e+00
8.673086272481095094e+00
8.673087851445988150e+00
8.673088072157460360e+00
8.673092353538038424e+00
8.673092529363445990e+00
8.673093505335913278e+00
8.673093753499960812e+00
8.673094728054110192e+00
8.673095822628733131e+00
8.673099713533796162e+00
8.674026458035505982e+00
8.674027452994369725e+00
8.674028937990696519e+00
8.674029314395934165e+00
8.674030882588555258e+00
8.674581881750842882e+00
8.674585460671881521e+00
8.674587946000663408e+00
8.674590595463280707e+00
8.674594142921039364e+00
8.675498168393557918e+00
8.675498593539161973e+00
8.675498976087773428e+00
8.675500496138536022e+00
8.675504962392679431e+00
8.739940771229518290e+00
8.739942452041661980e+00
8.739942877164587287e+00
8.739943040397918139e+00
8.739945854940978975e+00
8.740044001777107496e+00
8.740044238909778329e+00
8.740044669342371009e+00
8.740044947172755485e+00
8.740045266267218338e+00
8.740101226856586081e+00
8.740104063608168161e+00
8.740105991868746926e+00
8.740107811497521695e+00
8.740111534082387834e+00
8.740638557502535377e+00
8.740639256461738782e+00
8.740640419242746262e+00
8.740641130557872174e+00
8.740643571825819080e+00
8.741957733551450005e+00
8.741958416996730818e+00
8.741958542506363727e+00
8.741960816069813234e+00
8.741961310117996931e+00
8.742940429592323426e+00
8.742943025943837654e+00
8.742944701466434765e+00
8.742947180813800401e+00
8.742948524805575161e+00
8.825492192444567507e+00
8.825493190122578824e+00
8.825495348840201260e+00
8.825497332184742305e+00
8.825497378686369743e+00
8.825567158007466162e+00
8.825569378765315776e+00
8.825570519853094709e+00
8.825570731624104326e+00
8.825572443365926389e+00
8.825647627942098339e+00
8.825649455337549298e+00
8.825651329788641419e+00
8.825652101352057244e+00
8.825654664068835586e+00
8.825679321310060388e+00
8.825679866389897654e+00
8.825682502860614065e+00
8.825682563547138315e+00
8.825683070272804187e+00
8.825722599600556606e+00
8.825725036108931221e+00
8.825729292370120049e+00
8.825731654622181566e+00
8.825737350969605544e+00
8.825929825825717501e+00
8.825930528488200366e+00
8.825930947067282872e+00
8.825932219034996251e+00
8.825933254902848191e+00
8.826140888599047329e+00
8.826143151190104064e+00
8.826143945557424431e+00
8.826144257471662868e+00
8.826146712042577391e+00
8.826566383061988930e+00
8.826566864608231811e+00
8.826567041217099785e+00
8.826571587842019895e+00
8.826574988097025454e+00
8.826932037627795324e+00
8.826934896576501544e+00
8.826935955856935578e+00
8.826938963581881126e+00
8.826942267988389546e+00
8.828097364036034733e+00
8.828101389704356095e+00
8.828101445894240840e+00
8.828102532305569738e+00
8.828103270176441697e+00
8.828418104768259056e+00
8.828418997504591914e+00
8.828420181646318809e+00
8.828424286468111504e+00
8.828425706851703580e+00
8.828597686207023898e+00
8.828599246454672311e+00
8.828604611069634345e+00
8.828605663393286562e+00
8.828610949826705578e+00
8.959757399957879898e+00
8.959758225995832603e+00
8.959759378582663913e+00
8.959760915978728590e+00
8.959764099132296877e+00
8.960059465701107229e+00
8.960063950056383675e+00
8.960064351381634040e+00
8.960070819524808883e+00
8.960071236195615185e+00
8.960294609135349475e+00
8.960295277801954228e+00
8.960300126658705011e+00
8.960301653588455650e+00
8.960302480106349776e+00
8.960856899102896733e+00
8.960857916460900796e+00
8.960858954190721093e+00
8.960860774378765825e+00
8.960861280440624910e+00
8.961600625301263889e+00
8.961601551648008979e+00
8.961603166939495324e+00
8.961604256928556111e+00
8.961604921307342764e+00
8.963043638485757469e+00
8.963043960541531519e+00
8.963046079464280780e+00
8.963049467547303806e+00
8.963049762558501499e+00
9.545080968179368242e+00
9.545082479418395494e+00
9.545083493835974764e+00
9.545083640754540966e+00
9.545087404413852283e+00
9.545125893831887254e+00
9.545126335439462650e+00
9.545127792785173426e+00
9.545127906183340727e+00
9.545128312228179368e+00
9.545247053450212960e+00
9.545247404635459176e+00
9.545250960503867788e+00
9.545253155789007238e+00
9.545257673185149727e+00
9.545294006682036425e+00
9.545298179491304325e+00
9.545300029485714433e+00
9.545301068944866074e+00
9.545302511329852635e+00
9.545308714284729490e+00
9.545310311912336587e+00
9.545313130023552972e+00
9.545315110283159044e+00
9.545317101437751361e+00
9.545785722977441878e+00
9.545785979902333906e+00
9.545786053238360935e+00
9.545790300917992965e+00
9.545797259286411318e+00
9.545924652771986985e+00
9.545925468292741911e+00
9.545926193376942592e+00
9.545926360526776122e+00
9.545926418808182490e+00
9.546221423008162787e+00
9.546223313431339008e+00
9.546224050660031324e+00
9.546225474217544971e+00
9.546229532511777194e+00
9.546727141785293469e+00
9.546728702571369851e+00
9.546729800848037684e+00
9.546730671182674044e+00
9.546732865546202262e+00
9.547329772077635113e+00
9.547331371718486892e+00
9.547339485270228465e+00
9.547342757678704217e+00
9.547343350759936342e+00
9.547501065985800395e+00
9.547504209781736861e+00
9.547504462287514926e+00
9.547504964303501040e+00
9.547505373918362181e+00
9.548423501892864707e+00
9.548425652352328541e+00
9.548426754005079786e+00
9.548427140351440912e+00
9.548428122293218578e+00
9.645189838017705242e+00
9.645192707338718918e+00
9.645193677194875193e+00
9.645193827238518480e+00
9.645194673603016966e+00
9.645511501900768891e+00
9.645511663991703344e+00
9.645516233473456325e+00
9.645517221580188760e+00
9.645518673819465150e+00
9.645664694866807665e+00
9.645665617327816577e+00
9.645666888732993272e+00
9.645668479073910007e+00
9.645669870097151488e+00
9.645778456304084258e+00
9.645779317820826648e+00
9.645780740328902425e+00
9.645782482313189021e+00
9.645784826783147636e+00
9.647278361040484640e+00
9.647279251006471767e+00
9.647279419390732969e+00
9.647282680273237432e+00
9.647285009923775689e+00
9.648040606926361562e+00
9.648040779997771210e+00
9.648041735901642824e+00
9.648044550373924721e+00
9.648047542819220723e+00
1.006158902208791339e+01
1.006159301523869054e+01
1.006159306413750620e+01
1.006159324609179251e+01
1.006159615386147443e+01
1.006170469746553486e+01
1.006170610291316336e+01
1.006170628556608193e+01
1.006171203051448870e+01
1.006171479537161240e+01
1.006172052490527058e+01
1.006172207024721921e+01
1.006172261349417241e+01
1.006172628260677726e+01
1.006172711250409613e+01
1.006183630787641015e+01
1.006183677900809492e+01
1.006183683025122377e+01
1.006183703789223571e+01
1.006183743546873366e+01
1.006203730986423928e+01
1.006203741293481713e+01
1.006203924761775070e+01
1.006204310409173353e+01
1.006204319430700878e+01
1.006227276389385139e+01
1.006227816039190870e+01
1.006227996327869967e+01
1.006228078929921210e+01
1.006228632654626942e+01
1.006239285721343713e+01
1.006239330219207773e+01
1.006239346392298373e+01
1.006239386159178295e+01
1.006239403961602008e+01
1.006273045745537331e+01
1.006273499320140097e+01
1.006273593735322081e+01
1.006273810834307625e+01
1.006273874834282012e+01
1.006280392547723146e+01
1.006280660294134677e+01
1.006280720746452495e+01
1.006280897818298037e+01
1.006280907567066940e+01
1.006411656455249926e+01
1.006412183448213149e+01
1.006412250698489785e+01
1.006412335944368230e+01
1.006412455084395319e+01
1.006413920626101088e+01
1.006414007565971858e+01
1.006414215246386590e+01
1.006414577474909144e+01
1.006414706230488321e+01
1.006433627503075812e+01
1.006433747579044535e+01
1.006434117789137694e+01
1.006434229756718857e+01
1.006435133872521348e+01
1.011011270215124824e+01
1.011011354233472481e+01
1.011011430564956548e+01
1.011011481403154022e+01
1.011011641612993550e+01
1.011014426556812218e+01
1.011014698830338432e+01
1.011015045192701400e+01
1.011015357019862471e+01
1.011015484734531533e+01
1.011019658350914519e+01
1.011019855099789844e+01
1.011020091447247182e+01
1.011020108961735708e+01
1.011020521145342421e+01
1.011023722689532001e+01
1.011023843462655236e+01
1.011024026509261375e+01
1.011024125855560207e+01
1.011024142051513941e+01
1.011026270864412169e+01
1.011026323370959545e+01
1.011026887793297036e+01
1.011027164862052530e+01
1.011027307826054589e+01
1.011060697607220860e+01
1.011060808144594070e+01
1.011061070932414019e+01
1.011061249109073579e+01
1.011061677225974265e+01
1.011108252800361562e+01
1.011108270828104772e+01
1.011108408546284387e+01
1.011108494624587806e+01
1.011108604721570003e+01
1.011151592645237329e+01
1.011151785087679222e+01
1.011152400844699706e+01
1.011152593359182283e+01
1.011152679405538635e+01
1.011172440030383690e+01
1.011172565667206058e+01
1.011172938849730052e+01
1.011173102408781510e+01
1.011173241119937849e+01
1.011178126197852478e+01
1.011178192022059008e+01
1.011178355803267870e+01
1.011178570236731211e+01
1.011178837462988156e+01
1.011219807267935167e+01
1.011220109259106792e+01
1.011220207198214638e+01
1.011220213620653396e+01
1.011220239834033308e+01
1.011322762371637651e+01
1.011323105708062009e+01
1.011323838361382599e+01
1.011323939418522677e+01
1.011323955473220337e+01
1.019678802194593104e+01
1.019679015897159680e+01
1.019679162935577388e+01
1.019679187009816346e+01
1.019679278678349910e+01
1.019682050488778557e+01
1.019682359748367872e+01
1.019682483490326597e+01
1.019682590723701665e+01
1.019682610660787958e+01
1.019734461492794608e+01
1.019734742784122261e+01
1.019734847360822627e+01
1.019734880576809566e+01
1.019734978735161413e+01
1.019766670179997625e+01
1.019766739188428417e+01
1.019766840658687101e+01
1.019766879192984987e+01
1.019767673895873017e+01
1.019841336274422794e+01
1.019841417251231341e+01
1.019841634438406253e+01
1.019842030888117534e+01
1.019842074871398907e+01
1.019947611466882975e+01
1.019947803783115070e+01
1.019947864547007121e+01
1.019947887781037643e+01
1.019948038720600891e+01
1.024849966898082165e+01
1.024850060453235123e+01
1.024850218337294372e+01
1.024850426313030205e+01
1.024850455569494301e+01
1.024854378535799526e+01
1.024854445549220294e+01
1.024854517379906049e+01
1.024854936543216333e+01
1.024855072870793826e+01
1.024870143074233653e+01
1.024870206944274464e+01
1.024870426230067366e+01
1.024870529372856964e+01
1.024870833036046491e+01
1.024877524168619836e+01
1.024877526746488954e+01
1.024877532692565296e+01
1.024877548465669186e+01
1.024877774188220059e+01
1.024885814388120053e+01
1.024886090211980516e+01
1.024886244938432078e+01
1.024886263333156400e+01
1.024886331113846261e+01
1.024893085919697278e+01
1.024893105015835282e+01
1.024893116155045725e+01
1.024893498382149026e+01
1.024893501133654361e+01
1.024934216008520238e+01
1.024934318426795521e+01
1.024934417822428223e+01
1.024934534428906829e+01
1.024934572410356282e+01
1.024970738763307487e+01
1.024971350400585557e+01
1.024971466934080055e+01
1.024971614535251341e+01
1.024972221126504479e+01
1.025024394547271278e+01
1.025024484344154629e+01
1.025024649971891932e+01
1.025024673979119427e+01
1.025025644261644864e+01
1.025044200675268335e+01
1.025044568152526736e+01
1.025044677385820080e+01
1.025045040015803366e+01
1.025045196007473614e+01
1.025060483708644377e+01
1.025060559368567326e+01
1.025060634417788918e+01
1.025060714319400645e+01
1.025061141189148728e+01
1.025149244257147174e+01
1.025149627667103047e+01
1.025149739142531224e+01
1.025149972710822510e+01
1.025150010250695054e+01
1.043275132099869396e+01
1.043275189982968953e+01
1.043275332219639751e+01
1.043275481918845671e+01
1.043275647135501671e+01
1.043280145455668162e+01
1.043280163163759156e+01
1.043280670006877742e+01
1.043280690984933301e+01
1.043280729339423729e+01
1.043286271124565445e+01
1.043286895792811109e+01
1.043286909080143765e+01
1.043287119290274845e+01
1.043287177582950953e+01
1.043298732032680753e+01
1.043298903939805555e+01
1.043298970367075285e+01
1.043299001876738963e+01
1.043299138058687170e+01
1.043329666460222782e+01
1.043329983811928940e+01
1.043330309791199362e+01
1.043330452611252035e+01
1.043330562242379500e+01
1.043341514462067288e+01
1.043341518738711038e+01
1.043341787575385204e+01
1.043341922192816007e+01
1.043342075781476375e+01
1.043359216600399897e+01
1.043359299560798448e+01
1.043359371294473981e+01
1.043359559770264333e+01
1.043360025784963696e+01
1.043386079657956600e+01
1.043386096172457123e+01
1.043386320718265914e+01
1.043386357591951707e+01
1.043386404871177220e+01
1.043391283512566048e+01
1.043391553338438626e+01
1.043391836047225318e+01
1.043391842516511048e+01
1.043392313744451450e+01
1.043489594337193260e+01
1.043489607080492299e+01
1.043489828219230908e+01
1.043489972542621125e+01
1.043490137339591683e+01
1.043524628545488575e+01
1.043524648269507793e+01
1.043524856666097733e+01
1.043525029122445247e+01
1.043525236740348205e+01
1.043530416203092770e+01
1.043530478595138966e+01
1.043530552212535767e+01
1.043530689873565720e+01
1.043531354067044603e+01
1.093346064413276153e+01
1.093346085547481117e+01
1.093346280606926513e+01
1.093346382892905488e+01
1.093346503666609770e+01
1.093366591743135530e+01
1.093366634025842288e+01
1.093367210917722687e+01
1.093367342585281321e+01
1.093367656103380448e+01
1.093408964191349675e+01
1.093408979001910453e+01
1.093408979817707660e+01
1.093408985386072274e+01
1.093408987266430010e+01
1.093422058489767323e+01
1.093422425877574611e+01
1.093422851015104946e+01
1.093422909637894946e+01
1.093422929283084066e+01
1.093500089028803046e+01
1.093500359427467217e+01
1.093500643646815718e+01
1.093500644574112712e+01
1.093500780049561705e+01
1.093562107747429302e+01
1.093562609915865735e+01
1.093562665233684861e+01
1.093562682727423763e+01
1.093562812907425119e+01
1.098497080427162409e+01
1.098497318229316200e+01
1.098497517221135844e+01
1.098497587122520791e+01
1.098498105936464420e+01
1.098504622612030701e+01
1.098504667152579728e+01
1.098504764497632991e+01
1.098504794946294183e+01
1.098504859705226799e+01
1.098517840006706514e+01
1.098518238221377885e+01
1.098518264213208262e+01
1.098518280806468894e+01
1.098518459894962263e+01
1.098533378496074775e+01
1.098533693055429161e+01
1.098533849941366292e+01
1.098533989230192276e+01
1.098534029693208858e+01
1.098539785073804254e+01
1.098539831633791941e+01
1.098539892478193103e+01
1.098539905847302478e+01
1.098539927133738736e+01
1.098556216543331843e+01
1.098556441927313898e+01
1.098556561719968983e+01
1.098556590908725106e+01
1.098557059814373105e+01
1.098587121260758259e+01
1.098587301958747275e+01
1.098587353879517359e+01
1.098587398962868100e+01
1.098587450536369481e+01
1.098600598911178494e+01
1.098600626333336727e+01
1.098600727774199193e+01
1.098600731181260493e+01
1.098600747041435532e+01
1.098635813929711702e+01
1.098636149332889822e+01
1.098636346278421527e+01
1.098636501946389821e+01
1.098636518827314390e+01
1.098669534899825884e+01
1.098669603803163319e+01
1.098669701255113296e+01
1.098669954500440404e+01
1.098670625675411472e+01
1.098679812876344819e+01
1.098679845845003200e+01
1.098679980919830967e+01
1.098680423207312806e+01
1.098680860019869421e+01
1.098730027641003382e+01
1.098730220553252934e+01
1.098730325919877515e+01
1.098730833853769617e+01
1.098731387334047227e+01
1.118712946014749576e+01
1.118713210043127937e+01
1.118713291286467104e+01
1.118713347005835956e+01
1.118713628531001625e+01
1.118734089827426281e+01
1.118734121458266806e+01
1.118734310412440891e+01
1.118734415202285604e+01
1.118734971809230672e+01
1.118780038246571529e+01
1.118780044672767637e+01
1.118780120943789491e+01
1.118780148818345843e+01
1.118780160395240486e+01
1.118784266187632781e+01
1.118784461656935925e+01
1.118784615984685438e+01
1.118784633679333318e+01
1.118784806486037198e+01
1.118850557238990717e+01
1.118850592046587700e+01
1.118850832231893122e+01
1.118851397429971684e+01
1.118851582756622776e+01
1.118903136438985868e+01
1.118903288182227129e+01
1.118903770290814670e+01
1.118903801241643947e+01
1.118904016207377694e+01
1.126108301680615398e+01
1.126108521959584507e+01
1.126108761309048667e+01
1.126109137688705708e+01
1.126109247104382938e+01
1.126126850820989844e+01
1.126127288741818866e+01
1.126127419570716270e+01
1.126127554994104507e+01
1.126128049758552052e+01
1.126134234866785278e+01
1.126134393106346820e+01
1.126134438852662001e+01
1.126134579255072765e+01
1.126134586977062746e+01
1.126141676631319655e+01
1.126141712124633010e+01
1.126142020901893126e+01
1.126142108834848443e+01
1.126142272790609589e+01
1.126154360490159512e+01
1.126154406259638918e+01
1.126154587983816668e+01
1.126154618786425843e+01
1.126154783642994595e+01
1.126162160989703942e+01
1.126162308305956294e+01
1.126162403528461020e+01
1.126162456760568809e+01
1.126162849436084024e+01
1.126209463860963922e+01
1.126209528180702257e+01
1.126209725852605104e+01
1.126209861033901660e+01
1.126209975506344030e+01
1.126216796331860692e+01
1.126217027392589110e+01
1.126217081252544361e+01
1.126217097924285682e+01
1.126217460602081033e+01
1.126235832833425654e+01
1.126235913448421222e+01
1.126235961463671309e+01
1.126235983014661102e+01
1.126236166223141666e+01
1.126251552241327758e+01
1.126251579730745611e+01
1.126251883044374758e+01
1.126252159012802956e+01
1.126252210973634504e+01
1.126264617681386504e+01
1.126264757421628637e+01
1.126264912862866296e+01
1.126265182362040207e+01
1.126265310225348415e+01
1.126314454763855011e+01
1.126314876742289961e+01
1.126315093746860896e+01
1.126315226217775844e+01
1.126315818900720345e+01
1.134007751878707460e+01
1.134007953372461941e+01
1.134008459246226153e+01
1.134008477039303209e+01
1.134008648926894125e+01
1.134027715875586573e+01
1.134027775636470103e+01
1.134028077371102938e+01
1.134028662121906095e+01
1.134028958553528277e+01
1.134074292066000389e+01
1.134074309996042373e+01
1.134074859725759055e+01
1.134075231083899382e+01
1.134075339767601243e+01
1.134075353183817469e+01
1.134075465914857084e+01
1.134075486896264806e+01
1.134075502117032741e+01
1.134075511034869344e+01
1.134133704019504130e+01
1.134133998393928877e+01
1.134134025736817364e+01
1.134134133691425461e+01
1.134134332027736569e+01
1.134177925774435103e+01
1.134177966631780521e+01
1.134178320491535352e+01
1.134178417222352309e+01
1.134178418580163061e+01
1.144166168652525784e+01
1.144166494522978006e+01
1.144166696606748879e+01
1.144167086741267880e+01
1.144167613343866741e+01
1.144190857571410369e+01
1.144190964233243513e+01
1.144191108157199288e+01
1.144191334420078476e+01
1.144191418374565394e+01
1.144228526103505139e+01
1.144228533261166270e+01
1.144228588036935967e+01
1.144228821259978446e+01
1.144229163247467618e+01
1.144233156298575338e+01
1.144233304316038513e+01
1.144233325017673053e+01
1.144233331153222366e+01
1.144233724674290542e+01
1.144286549336747250e+01
1.144286571169128131e+01
1.144286619156669182e+01
1.144286849127438010e+01
1.144287186523121136e+01
1.144321148766376695e+01
1.144321362919088436e+01
1.144321513500030285e+01
1.144321640902154691e+01
1.144321805429311922e+01
1.168257075678979184e+01
1.168257374379892433e+01
1.168257429999912311e+01
1.168257461902554972e+01
1.168257631535955277e+01
1.168286754301785280e+01
1.168286787850483321e+01
1.168286975102864034e+01
1.168286981451903372e+01
1.168287140633671406e+01
1.168305020607632372e+01
1.168305163097809896e+01
1.168305419568872949e+01
1.168305896565193258e+01
1.168306192726033821e+01
1.168310487281955368e+01
1.168310914998657424e+01
1.168311166847685278e+01
1.168311192881844995e+01
1.168311372231735135e+01
1.168351590406329699e+01
1.168351678817640860e+01
1.168351741303961866e+01
1.168351795729779496e+01
1.168351920731078408e+01
1.168362069208428089e+01
1.168362350143567241e+01
1.168362452704210952e+01
1.168362690047914931e+01
1.168363099648392733e+01
1.173377973988774059e+01
1.173378111390356615e+01
1.173378201431661161e+01
1.173378273640261149e+01
1.173378797056176559e+01
1.173386025393604193e+01
1.173386383634990082e+01
1.173386556478724785e+01
1.173386723519573316e+01
1.173386983534417638e+01
1.173424617240494072e+01
1.173424893518541268e+01
1.173425066911389969e+01
1.173425116869841034e+01
1.173425314852206469e+01
1.173430934909251633e+01
1.173431000652786516e+01
1.173431038448361541e+01
1.173431046077271667e+01
1.173431190137282876e+01
1.173442545960389083e+01
1.173442778634305839e+01
1.173442808360935885e+01
1.173442818647334107e+01
1.173443602297528443e+01
1.173467847188409507e+01
1.173467995247420426e+01
1.173468117846411651e+01
1.173468146075554941e+01
1.173468197002799052e+01
1.182424982578598716e+01
1.182425100057504608e+01
1.182425255282125676e+01
1.182425349329504272e+01
1.182425468361536858e+01
1.182444787214185133e+01
1.182444907536921974e+01
1.182445268069943189e+01
1.182445706751899905e+01
1.182445840066258569e+01
1.182447756570242703e+01
1.182448115464691263e+01
1.182448410059821420e+01
1.182448751094947070e+01
1.182448757558229069e+01
1.182470512264048068e+01
1.182470523518028394e+01
1.182470587309891563e+01
1.182470646300363804e+01
1.182470748264835514e+01
1.182478053684295638e+01
1.182478103382891277e+01
1.182478397925306624e+01
1.182478457266769745e+01
1.182478559857640832e+01
1.182478596838860341e+01
1.182478785001236332e+01
1.182478835276555706e+01
1.182479001309959799e+01
1.182479028882542238e+01
