2.644539876821675684e+00
2.644543860592976081e+00
2.644546213058111661e+00
2.644547238451224302e+00
2.644552572837227888e+00
2.668601334051229568e+00
2.668604911372232991e+00
2.668605413525949377e+00
2.668605814371991958e+00
2.668609337332836784e+00
2.677400609303732804e+00
2.677402189175170921e+00
2.677402300103591148e+00
2.677402455851566998e+00
2.677403610701980075e+00
2.679073296962962480e+00
2.679073586559353792e+00
2.679073675358704332e+00
2.679076330547526474e+00
2.679076737254832530e+00
2.689697884930573490e+00
2.689699050265661473e+00
2.689701411328030645e+00
2.689701719466305541e+00
2.689710295552292241e+00
2.689812253466773218e+00
2.689812372638656690e+00
2.689812895444588126e+00
2.689816177083482529e+00
2.689819212828252759e+00
2.715380481129670898e+00
2.715380704910455467e+00
2.715381672270033242e+00
2.715383033072867214e+00
2.715387264479967477e+00
2.719313177017314231e+00
2.719315611288987355e+00
2.719319216973248299e+00
2.719321066038358659e+00
2.719321648076961750e+00
2.731493811763080259e+00
2.731497315466372644e+00
2.731500854127635325e+00
2.731502735967877182e+00
2.731503908710364303e+00
2.747113560193681359e+00
2.747115121177123420e+00
2.747115246326589322e+00
2.747116563835615199e+00
2.747120700460757181e+00
2.756388435199220055e+00
2.756389542825904648e+00
2.756390229902145883e+00
2.756392576720522847e+00
2.756394408171660260e+00
2.781696276968425696e+00
2.781704278333697822e+00
2.781704330549887860e+00
2.781706380281714353e+00
2.781707189946490022e+00
4.331393234526276004e+00
4.331395259832563127e+00
4.331398473299357121e+00
4.331398974165274751e+00
4.331399201689911216e+00
4.348329781387332282e+00
4.348331633097917148e+00
4.348333122772450210e+00
4.348334058027281124e+00
4.348335086754469891e+00
4.352025629807343421e+00
4.352028970790520646e+00
4.352029336390094372e+00
4.352029517776735190e+00
4.352033408247230284e+00
4.352207032632983363e+00
4.352208012400142323e+00
4.352213507354620425e+00
4.352213631360482893e+00
4.352214904172356569e+00
4.377092955204401115e+00
4.377097023016511379e+00
4.377097790477156636e+00
4.377097803830753087e+00
4.377104196817799497e+00
4.379202051789800265e+00
4.379203320879267558e+00
4.379205822954659766e+00
4.379207341220554994e+00
4.379208243335774853e+00
4.389449031826203829e+00
4.389452401142995619e+00
4.389452684276252903e+00
4.389453892171553129e+00
4.389454636717413649e+00
4.397760977258768911e+00
4.397763686886778878e+00
4.397764053493548708e+00
4.397764937806476482e+00
4.397766304148050587e+00
4.399053230014385640e+00
4.399053439013897560e+00
4.399057013656449300e+00
4.399057550714698728e+00
4.399058571785559479e+00
4.402213824304767265e+00
4.402214233916835973e+00
4.402215415719680891e+00
4.402215803251812609e+00
4.402219785880753911e+00
4.417780341879844919e+00
4.417780345580799128e+00
4.417782038693172098e+00
4.417783560780224938e+00
4.417785733181273322e+00
4.419792072496171897e+00
4.419794975584276031e+00
4.419796738968886807e+00
4.419797566156169921e+00
4.419798945178388117e+00
5.969402449877206251e+00
5.969406736636397426e+00
5.969408392412099751e+00
5.969409327647083430e+00
5.969413923569046432e+00
6.092704176931619031e+00
6.092704426393914297e+00
6.092705373912314037e+00
6.092705814537576536e+00
6.092705915387676363e+00
6.235723826036556616e+00
6.235725545171146855e+00
6.235727309897377779e+00
6.235729757694763897e+00
6.235732105767533007e+00
6.244767917072659102e+00
6.244769533185351662e+00
6.244769548902505463e+00
6.244771759207857542e+00
6.244772463693132991e+00
6.269979086288883785e+00
6.269980209115495917e+00
6.269982854314674725e+00
6.269983435711772302e+00
6.269987751096488537e+00
6.271862450668062472e+00
6.271867490708010529e+00
6.271868756638646403e+00
6.271870382182654247e+00
6.271870650284490090e+00
6.446499143294754042e+00
6.446501644923392504e+00
6.446504391877818207e+00
6.446510234018092866e+00
6.446510471828925226e+00
6.489947524549022795e+00
6.489948632223525138e+00
6.489950512977737951e+00
6.489954591035287379e+00
6.489954776729958574e+00
6.501480156556659118e+00
6.501480159048399265e+00
6.501480356203501287e+00
6.501481153644912858e+00
6.501481407994642581e+00
6.530260051192448678e+00
6.530261602401545851e+00
6.530265342809586038e+00
6.530267118104741364e+00
6.530268542242348317e+00
6.570056255329933315e+00
6.570057179819669635e+00
6.570061471394312846e+00
6.570061473578462596e+00
6.570064609712754411e+00
6.928466975810738226e+00
6.928467094718715913e+00
6.928468669973185001e+00
6.928472066206228241e+00
6.928472503698055007e+00
7.228837507020061004e+00
7.228840239492086539e+00
7.228840982923887992e+00
7.228842300403295340e+00
7.228842404022929991e+00
7.249914381680654607e+00
7.249916260606048546e+00
7.249916281675258034e+00
7.249918861208033860e+00
7.249920650414043877e+00
7.339021368445522775e+00
7.339021668955610700e+00
7.339021800199260426e+00
7.339021848127990744e+00
7.339024628402604833e+00
7.473219265269821499e+00
7.473223118146546717e+00
7.473225657324955584e+00
7.473228747074453615e+00
7.473233033413316129e+00
7.564112397162008783e+00
7.564112767469823417e+00
7.564114334798225592e+00
7.564119251003384115e+00
7.564119872886732487e+00
7.585454118462519268e+00
7.585456138881826682e+00
7.585460330039303756e+00
7.585463937354129271e+00
7.585467156398476796e+00
7.620745775388390264e+00
7.620747189469022409e+00
7.620747518570602175e+00
7.620749515119888073e+00
7.620752748108285957e+00
7.624060273745217664e+00
7.624061458127157742e+00
7.624064421081448550e+00
7.624066878956401005e+00
7.624068280413024645e+00
7.699187087303438481e+00
7.699189320447963780e+00
7.699190282984308631e+00
7.699191383807782785e+00
7.699191706984571226e+00
7.725069198660941439e+00
7.725071229710441578e+00
7.725072533225820770e+00
7.725076710564109383e+00
7.725077103518126265e+00
7.801027487055791632e+00
7.801028446525497095e+00
7.801030222207832487e+00
7.801032404925646979e+00
7.801033204659495013e+00
7.847726398556463145e+00
7.847726919478023255e+00
7.847727876283682846e+00
7.847728298692558724e+00
7.847732673059143238e+00
7.867536969407898262e+00
7.867538331333378210e+00
7.867538407882101126e+00
7.867544608357807334e+00
7.867545901251546958e+00
8.150751832647095796e+00
8.150752228144344969e+00
8.150752564867859817e+00
8.150753013691433679e+00
8.150753180663734554e+00
8.175511975766411865e+00
8.175512546733690655e+00
8.175512597690740790e+00
8.175513009921761665e+00
8.175513190479238190e+00
8.206138918450015751e+00
8.206139019471946128e+00
8.206146853968675714e+00
8.206148336869130588e+00
8.206153322806002848e+00
8.255055044795279073e+00
8.255056637685775911e+00
8.255061378057705568e+00
8.255062625455968472e+00
8.255067074258089832e+00
8.312791052522612745e+00
8.312792111883949175e+00
8.312796253138891700e+00
8.312796706006949421e+00
8.312802429463843623e+00
8.434134825588218476e+00
8.434139241451967806e+00
8.434140544602040990e+00
8.434141147609519606e+00
8.434143640305160616e+00
8.520692433722743431e+00
8.520696868220344555e+00
8.520699369429719283e+00
8.520699563163812940e+00
8.520704930092346530e+00
8.574027419235374481e+00
8.574027476384712187e+00
8.574028396203267732e+00
8.574028451509827065e+00
8.574028994405137993e+00
8.581000534209282549e+00
8.581002885077012365e+00
8.581007383215563777e+00
8.581008183780038934e+00
8.581012203936081661e+00
8.589745174968813402e+00
8.589745228975070646e+00
8.589747100153765302e+00
8.589750102895893136e+00
8.589751698745430986e+00
8.653291506571356706e+00
8.653292438216796612e+00
8.653293517158655135e+00
8.653293941569302206e+00
8.653296284197137922e+00
8.700478205001147103e+00
8.700478841558089371e+00
8.700478869970318385e+00
8.700481915848108372e+00
8.700488479763651029e+00
8.715430075934289533e+00
8.715430146590584570e+00
8.715430988660285649e+00
8.715431014241350027e+00
8.715431116313178350e+00
8.735727297649578560e+00
8.735727941448267586e+00
8.735728494235612374e+00
8.735731966864596743e+00
8.735735465322882476e+00
8.738391478990857664e+00
8.738393639159315995e+00
8.738393991415128070e+00
8.738398721642312239e+00
8.738399389361875436e+00
8.812563514352676819e+00
8.812568124150871540e+00
8.812570490549280322e+00
8.812572240345039276e+00
8.812574040205278791e+00
8.841836008720134643e+00
8.841839496275648358e+00
8.841840401601919197e+00
8.841840979462366690e+00
8.841845249420506647e+00
8.886863142695514028e+00
8.886865970076289756e+00
8.886866592348509286e+00
8.886866843094926693e+00
8.886868579252199751e+00
8.902034896056068902e+00
8.902037367456957284e+00
8.902040239748414407e+00
8.902042973711147056e+00
8.902042999772580956e+00
8.952967254809994557e+00
8.952972447550589408e+00
8.952972464991724166e+00
8.952973458611390711e+00
8.952974141686102172e+00
8.976049221595211236e+00
8.976050133861775748e+00
8.976050668239345498e+00
8.976052574940725393e+00
8.976052671753881995e+00
9.044759416700921761e+00
9.044761236096837465e+00
9.044762613601308843e+00
9.044763424180867872e+00
9.044768327082790549e+00
9.366994321440575533e+00
9.366996213973825647e+00
9.366997243145746666e+00
9.366999171442261130e+00
9.367004614357783865e+00
9.392898363306183995e+00
9.392899264433745898e+00
9.392900712745769098e+00
9.392901219596637929e+00
9.392904658820933506e+00
9.429034444766864809e+00
9.429036719866987326e+00
9.429037280804440257e+00
9.429037879847550485e+00
9.429039796506321736e+00
9.437241284363773630e+00
9.437241877031658177e+00
9.437246139324754424e+00
9.437246967569514311e+00
9.437247856133692991e+00
9.472283197344767203e+00
9.472285299134522774e+00
9.472290964550234449e+00
9.472293915952990417e+00
9.472296293692464175e+00
9.602683198528419339e+00
9.602684831129259635e+00
9.602684993146448633e+00
9.602685149134067899e+00
9.602685573900668459e+00
9.681406600458428713e+00
9.681407123522902225e+00
9.681407520737881356e+00
9.681410155824409003e+00
9.681412326809555324e+00
9.682805409218962822e+00
9.682810118891108431e+00
9.682813405524242967e+00
9.682816195430955730e+00
9.682819124764233010e+00
9.712971626124518920e+00
9.712973065143341245e+00
9.712973334823894689e+00
9.712975114834796031e+00
9.712980472944440891e+00
9.719013486738250052e+00
9.719013815470169959e+00
9.719016904738873919e+00
9.719017447756742811e+00
9.719022313350247799e+00
9.780521322634083248e+00
9.780521909151881133e+00
9.780523419827794385e+00
9.780523626851476138e+00
9.780525493060174824e+00
9.792047488819690670e+00
9.792047716187866513e+00
9.792047928952349878e+00
9.792049052598747139e+00
9.792050360741615833e+00
9.829416681024364166e+00
9.829417346114672327e+00
9.829419409497186066e+00
9.829422446878556485e+00
9.829424476692416590e+00
9.834406805878025182e+00
9.834408453028579800e+00
9.834409424642640118e+00
9.834410162007683809e+00
9.834412877406560227e+00
9.849504783251793683e+00
9.849505685672758304e+00
9.849507948034764482e+00
9.849508169934171775e+00
9.849508515098607475e+00
9.854633903753095225e+00
9.854637621196427943e+00
9.854643094384494262e+00
9.854644498453508206e+00
9.854646748468459450e+00
9.856328209089832981e+00
9.856328558753508773e+00
9.856331800269305887e+00
9.856333830537600704e+00
9.856335393999129835e+00
9.858826463073585344e+00
9.858830237370963090e+00
9.858830465405112875e+00
9.858832731332853427e+00
9.858839631320716279e+00
9.876097064397454162e+00
9.876098288200660491e+00
9.876099443206310724e+00
9.876101933151561596e+00
9.876103140206668130e+00
9.904941005589080305e+00
9.904944670425980036e+00
9.904945283584357441e+00
9.904948319875273910e+00
9.904949535146556627e+00
9.906809824666060749e+00
9.906811275188401211e+00
9.906815840753274927e+00
9.906816017217641601e+00
9.906817193518815401e+00
9.912030734546782185e+00
9.912030737371630096e+00
9.912031672477645827e+00
9.912033387746431501e+00
9.912037287490397475e+00
9.938539214537517097e+00
9.938539354673805448e+00
9.938544037357786465e+00
9.938545620663015612e+00
9.938547621282497246e+00
9.950642760801937214e+00
9.950644285256107224e+00
9.950644436723683484e+00
9.950646001129774376e+00
9.950647094626559053e+00
9.981816775081577831e+00
9.981819754824265090e+00
9.981820925206982054e+00
9.981823240079940263e+00
9.981824796844509962e+00
9.991258561973062058e+00
9.991260893225641482e+00
9.991264319849616271e+00
9.991266056361425285e+00
9.991266242729196279e+00
1.003833471436373159e+01
1.003833728730510444e+01
1.003833821239850366e+01
1.003833976687878504e+01
1.003834364973126370e+01
1.006309715555305395e+01
1.006309822952653299e+01
1.006310085413536903e+01
1.006310204392760888e+01
1.006310415433528327e+01
1.009983312661154820e+01
1.009983433332448222e+01
1.009983853609551474e+01
1.009983903102420655e+01
1.009983942017396785e+01
1.011350676878203281e+01
1.011350724952031754e+01
1.011350955311260869e+01
1.011350964691288645e+01
1.011350970246729020e+01
1.015388191179117428e+01
1.015388310815620976e+01
1.015388358121659707e+01
1.015388378599046248e+01
1.015388713038016810e+01
1.019161991102003384e+01
1.019162264863647671e+01
1.019162307671844836e+01
1.019162323609934084e+01
1.019162485197527168e+01
1.021812641876679884e+01
1.021812652198532945e+01
1.021813183652471757e+01
1.021813384917715872e+01
1.021813433150102846e+01
1.023251720493544958e+01
1.023251859642092043e+01
1.023251918106680058e+01
1.023251970966095747e+01
1.023252174442351148e+01
1.024146257715664277e+01
1.024146415812211863e+01
1.024146560205618073e+01
1.024146626996349596e+01
1.024146964571491480e+01
1.029624650992292523e+01
1.029624693665123836e+01
1.029624849868630676e+01
1.029625129319404309e+01
1.029625360214578222e+01
1.037805166020096515e+01
1.037805239584962003e+01
1.037805297152601902e+01
1.037805501225060922e+01
1.037805964829168026e+01
1.037854944200778107e+01
1.037855007039519073e+01
1.037855461132233081e+01
1.037855503087978093e+01
1.037855548683437945e+01
1.038093635182299046e+01
1.038093791865648363e+01
1.038093910405989995e+01
1.038094031065587153e+01
1.038094188320597233e+01
1.039395987364296126e+01
1.039396062371798735e+01
1.039396328499384303e+01
1.039396402542360143e+01
1.039396679848939975e+01
1.042864374171924524e+01
1.042864575507769231e+01
1.042864640085663197e+01
1.042864742457525118e+01
1.042865009728488346e+01
1.045274524492967849e+01
1.045274738537672832e+01
1.045275115228043816e+01
1.045275121126490880e+01
1.045276027586015211e+01
1.050370098844211952e+01
1.050370110032173265e+01
1.050370165205105089e+01
1.050370169996273084e+01
1.050370209175793335e+01
1.052264987127291995e+01
1.052265093955890940e+01
1.052265152137045767e+01
1.052265769298802311e+01
1.052265793599221766e+01
1.059119964266560388e+01
1.059120058145439991e+01
1.059120064999242850e+01
1.059120113591466250e+01
1.059120166514168560e+01
1.059380157668152656e+01
1.059380220212271162e+01
1.059380297366814361e+01
1.059380585694300869e+01
1.059380988955814651e+01
1.063156263382293254e+01
1.063156426114708708e+01
1.063156508343903184e+01
1.063156749113224642e+01
1.063156769689682157e+01
1.074548942752725544e+01
1.074549074763456247e+01
1.074549297855617169e+01
1.074549343296528114e+01
1.074549511400009827e+01
1.077951899543295866e+01
1.077952238159928733e+01
1.077952290015193704e+01
1.077952584284206772e+01
1.077952676061894621e+01
1.079945702215162306e+01
1.079945759312475850e+01
1.079945980445318376e+01
1.079946399983351135e+01
1.079947090234054130e+01
1.085724976673651021e+01
1.085725224909138831e+01
1.085725354528483066e+01
1.085725534197754527e+01
1.085725742353933576e+01
1.091130073369348530e+01
1.091130327538832745e+01
1.091130610397765466e+01
1.091130692121709167e+01
1.091131233647905319e+01
1.097972770090861694e+01
1.097973038760970610e+01
1.097973217253499278e+01
1.097973555387833500e+01
1.097973976648809291e+01
1.099912840225987942e+01
1.099912918408998408e+01
1.099913133435999946e+01
1.099913190168205723e+01
1.099913677161076109e+01
1.102383082145675885e+01
1.102383697589909062e+01
1.102383839297819179e+01
1.102384224308838512e+01
1.102384240482872890e+01
1.108178331470165467e+01
1.108178333049784925e+01
1.108178333775751057e+01
1.108178587059865627e+01
1.108178665967721876e+01
1.112382010799347576e+01
1.112382336944002326e+01
1.112382363643454930e+01
1.112382395465695950e+01
1.112382780940535909e+01
1.118993169393808174e+01
1.118993214487916354e+01
1.118993315512653197e+01
1.118993484400155047e+01
1.118993575321145428e+01
1.132238039323445555e+01
1.132238710620247168e+01
1.132238901798114306e+01
1.132239332386487973e+01
1.132239368782502709e+01
1.134860795619445106e+01
1.134861267534494722e+01
1.134861331374895421e+01
1.134861607390522309e+01
1.134862123509723908e+01
1.140254514559797627e+01
1.140254551196793109e+01
1.140254573560658713e+01
1.140254800827867498e+01
1.140254872629360960e+01
1.143939917024054154e+01
1.143939925868924234e+01
1.143939962880482675e+01
1.143940051465110663e+01
1.143940647324851412e+01
1.145526920618193145e+01
1.145527263148721353e+01
1.145527276779562342e+01
1.145527381618614982e+01
1.145527584096079288e+01
1.149297323712188934e+01
1.149297518723937905e+01
1.149297560947990604e+01
1.149297639822252570e+01
1.149297649317181857e+01
1.149746012193127775e+01
1.149746171887082191e+01
1.149746232533509982e+01
1.149746477934157518e+01
1.149746550584084126e+01
1.156334924672345998e+01
1.156335123986554336e+01
1.156335243914151256e+01
1.156335362707549308e+01
1.156335480047637354e+01
1.157420858869840785e+01
1.157421004873766712e+01
1.157421125303145537e+01
1.157421202054377396e+01
1.157421216381486673e+01
1.162544722182764012e+01
1.162545286851656456e+01
1.162545329210865575e+01
1.162545555165043965e+01
1.162545934148410431e+01
1.166148021902022514e+01
1.166148080033577905e+01
1.166148117720043409e+01
1.166148180820087710e+01
1.166148285919933869e+01
1.168159886304524697e+01
1.168159905609672933e+01
1.168159945506607400e+01
1.168159984338189794e+01
1.168160101453135624e+01
1.173489091131656004e+01
1.173489303348777923e+01
1.173489463065604177e+01
1.173489487272042098e+01
1.173489755835132975e+01
1.188004881315308481e+01
1.188004909991537161e+01
1.188005160899564494e+01
1.188005198889718628e+01
1.188005705162226988e+01
1.192756624695079992e+01
1.192756627130195390e+01
1.192756864302612207e+01
1.192757232091677544e+01
1.192757531108900615e+01
1.200700695579876864e+01
1.200700806466373649e+01
1.200700810171709598e+01
1.200700903028726785e+01
1.200701306518402944e+01
1.201980308972655287e+01
1.201980579606010124e+01
1.201980684040305114e+01
1.201980723647846183e+01
1.201980815015780557e+01
1.203698575242573021e+01
1.203699270924843567e+01
1.203699312582673286e+01
1.203699423201656415e+01
1.203699444958333586e+01
1.205549985992285578e+01
1.205550046354360205e+01
1.205550218542968821e+01
1.205550414480041432e+01
1.205550811234847686e+01
1.208847398057339539e+01
1.208847414074249649e+01
1.208847437100728683e+01
1.208847457816742121e+01
1.208847676283906303e+01
1.233934134597953225e+01
1.233934178055701558e+01
1.233934231604748000e+01
1.233934321152061919e+01
1.233934368846657925e+01
1.234137836672225319e+01
1.234138000190821316e+01
1.234138322353697959e+01
1.234138366915962948e+01
1.234138543831688217e+01
1.237189860954655884e+01
1.237190138213605550e+01
1.237190211707157061e+01
1.237190495431079462e+01
1.237191095967393295e+01
1.237592073156175232e+01
1.237592201877904508e+01
1.237592215273673979e+01
1.237592239784170722e+01
1.237592899324329565e+01
1.240104769898495185e+01
1.240104842312939404e+01
1.240105089213813372e+01
1.240105156520607288e+01
1.240105227567806168e+01
1.241617433911911483e+01
1.241617472612640150e+01
1.241617477997954033e+01
1.241617553797867401e+01
1.241617600692741519e+01
1.244306398057166696e+01
1.244306544940594783e+01
1.244306763549085559e+01
1.244306772468509870e+01
1.244306988383895529e+01
1.248023750141398480e+01
1.248024016766103550e+01
1.248024033138384681e+01
1.248024110890891336e+01
1.248024281950876002e+01
1.250748840536740225e+01
1.250748889639323203e+01
1.250749159186205439e+01
1.250749392719820641e+01
1.250749905916046600e+01
1.251191576168094066e+01
1.251191715784995218e+01
1.251192232445917973e+01
1.251192280256715605e+01
1.251192513976166687e+01
1.258029809965169399e+01
1.258030220625084894e+01
1.258030574998079842e+01
1.258030581247530577e+01
1.258030818291428155e+01
1.264760207345250009e+01
1.264760345151997534e+01
1.264760441560772186e+01
1.264760961697506048e+01
1.264761143417206668e+01
1.285378323810153667e+01
1.285378667923970042e+01
1.285378786313590993e+01
1.285379042934806648e+01
1.285379342628471022e+01
1.310797032757551150e+01
1.310797301499740009e+01
1.310797424087337859e+01
1.310797549850471810e+01
1.310797881123554376e+01
1.314072249260290803e+01
1.314072260516140744e+01
1.314072305524319084e+01
1.314072438571405321e+01
1.314072538092551312e+01
1.320915313172650229e+01
1.320915788629237575e+01
1.320916126676481994e+01
1.320916172366361607e+01
1.320916966006947924e+01
1.327731195703784017e+01
1.327731307699716723e+01
1.327731446040952967e+01
1.327731585232873712e+01
1.327731623998615085e+01
1.328457541268444153e+01
1.328457706481090739e+01
1.328457710267436376e+01
1.328457789085148022e+01
1.328457850346784497e+01
1.329457392206685284e+01
1.329457423783477132e+01
1.329457475363917140e+01
1.329457679148155513e+01
1.329458186268375997e+01
1.331300306462444993e+01
1.331300994465564180e+01
1.331301045920869086e+01
1.331301152784748432e+01
1.331301281469375120e+01
1.333352546061993316e+01
1.333352619411309448e+01
1.333352723306927601e+01
1.333352745479229995e+01
1.333352784608034547e+01
1.336463600728803947e+01
1.336464260362393830e+01
1.336464639053723857e+01
1.336464821713613382e+01
1.336464823168197036e+01
1.339260418955925047e+01
1.339260424412294803e+01
1.339260530390185089e+01
1.339260675038283921e+01
1.339260811821581143e+01
1.340118414309720762e+01
1.340118426115020789e+01
1.340118754573638604e+01
1.340118772954099136e+01
1.340119084477196942e+01
1.341255040390156239e+01
1.341255042734975333e+01
1.341255447581854199e+01
1.341255596454307408e+01
1.341256070072005357e+01
1.342748812981042938e+01
1.342748873245850127e+01
1.342749032202965331e+01
1.342749049288809005e+01
1.342749091190532162e+01
1.344982562475811605e+01
1.344982689780801621e+01
1.344982721778239210e+01
1.344982992142651490e+01
1.344983495546692431e+01
1.356737655351984628e+01
1.356737990196338650e+01
1.356738091271119195e+01
1.356738350988502084e+01
1.356738753913589690e+01
1.359916590425677541e+01
1.359916629779193364e+01
1.359916696833302296e+01
1.359916923876602013e+01
1.359917388886177925e+01
1.360186677850507486e+01
1.360186800034098376e+01
1.360186805192213377e+01
1.360187021258841433e+01
1.360187446781508669e+01
1.363472813085028257e+01
1.363472845791583943e+01
1.363472851224401872e+01
1.363473131992339660e+01
1.363473238210783656e+01
1.363497525792767995e+01
1.363497609327937354e+01
1.363497812866232550e+01
1.363497961824292481e+01
1.363498263628157403e+01
1.369746951700933657e+01
1.369746995718917582e+01
1.369747063282488142e+01
1.369747101051139282e+01
1.369747124490137580e+01
1.386820072786300528e+01
1.386820264032437677e+01
1.386820373860291866e+01
1.386820431062003145e+01
1.386820857870979751e+01
1.397859270306564206e+01
1.397859302504368628e+01
1.397859319261419841e+01
1.397859639850510938e+01
1.397859640473964049e+01
1.406655344671892216e+01
1.406655599022731806e+01
1.406655945815465003e+01
1.406656144064355196e+01
1.406656862625352744e+01
1.407766766732685682e+01
1.407767110408891398e+01
1.407767494742295789e+01
1.407767600833319399e+01
1.407768227827649099e+01
1.418202985688931683e+01
1.418203015230894160e+01
1.418203040630290168e+01
1.418203087031614196e+01
1.418203278640265985e+01
1.425903483118334947e+01
1.425903522584890659e+01
1.425903577443089354e+01
1.425903764119444439e+01
1.425904289520864054e+01
1.426134627558352008e+01
1.426135109920515198e+01
1.426135444144419040e+01
1.426135609667257320e+01
1.426135848806136686e+01
1.428746904557276842e+01
1.428747290404429826e+01
1.428747366354528125e+01
1.428747555604208230e+01
1.428747869845131291e+01
1.434264699381533248e+01
1.434264792733196892e+01
1.434264807456768054e+01
1.434264998450774264e+01
1.434265140449282505e+01
1.436233760021675643e+01
1.436233938994619308e+01
1.436234053206161754e+01
1.436234247380280316e+01
1.436234636530187636e+01
1.437111203162093531e+01
1.437111234555279538e+01
1.437111527711054038e+01
1.437111600769056352e+01
1.437111628052949897e+01
1.437182692749950874e+01
1.437182752277524322e+01
1.437182757478672102e+01
1.437182795452965323e+01
1.437183046107210416e+01
1.439820724408771468e+01
1.439820811965502578e+01
1.439821242331491646e+01
1.439821504810926101e+01
1.439821619531391761e+01
1.441910708693849763e+01
1.441911138593845365e+01
1.441911259855127270e+01
1.441911405598138707e+01
1.441911975612242358e+01
1.443080213100089537e+01
1.443080218220387145e+01
1.443080477156419761e+01
1.443080481267070425e+01
1.443080626624514018e+01
1.446333394876160483e+01
1.446333858804390715e+01
1.446334053327238856e+01
1.446334154188443399e+01
1.446334474851858332e+01
1.462228241835384601e+01
1.462228343617028870e+01
1.462228995872397519e+01
1.462229259903179646e+01
1.462229507949077245e+01
1.463473025090657309e+01
1.463473154326378456e+01
1.463473382859421790e+01
1.463473560130144691e+01
1.463473857544438772e+01
1.479375190870118750e+01
1.479375323766758044e+01
1.479375424890855761e+01
1.479375428857056463e+01
1.479375602817283131e+01
1.480686820228031664e+01
1.480686956763312523e+01
1.480687227462977695e+01
1.480687265889728543e+01
1.480687505208982202e+01
1.485232246961397173e+01
1.485232355378780511e+01
1.485232389996932412e+01
1.485232532166596719e+01
1.485232599161828482e+01
1.485515853747108217e+01
1.485516249633776198e+01
1.485516427886948598e+01
1.485516478499649473e+01
1.485516825348672931e+01
1.489464817373676730e+01
1.489464861475086899e+01
1.489464977197852669e+01
1.489465128927159654e+01
1.489465239005596864e+01
1.493354763077414304e+01
1.493354857418021808e+01
1.493355195203739783e+01
1.493355427858351625e+01
1.493355804160214184e+01
1.496377333474748816e+01
1.496377407479142541e+01
1.496377753794809706e+01
1.496377819918485663e+01
1.496377843123186580e+01
1.505676111961002128e+01
1.505676400199259390e+01
1.505676412757402716e+01
1.505676598281649525e+01
1.505676729911836098e+01
1.506723328065242384e+01
1.506723576358981553e+01
1.506723705156655591e+01
1.506723813848443960e+01
1.506724556294547135e+01
1.515736899252307701e+01
1.515736989159399073e+01
1.515737072098258054e+01
1.515737129539617811e+01
1.515737417304527845e+01
1.519132321445041178e+01
1.519132339774583329e+01
1.519132436347470083e+01
1.519132737405787203e+01
1.519132861735931250e+01
1.521938741921960592e+01
1.521938793521605504e+01
1.521939067784909660e+01
1.521939157017125943e+01
1.521939454575641193e+01
1.526311003699442637e+01
1.526311172836653363e+01
1.526311275234838760e+01
1.526311427895696760e+01
1.526312150824005087e+01
1.526604114204137730e+01
1.526604276065346255e+01
1.526604280614331088e+01
1.526604567147629155e+01
1.526604792767925289e+01
1.528814984153739864e+01
1.528814998143987225e+01
1.528815139679418422e+01
1.528815238434651391e+01
1.528815238467683457e+01
1.535308086859767940e+01
1.535308324364197752e+01
1.535308348319972005e+01
1.535308482738566838e+01
1.535308523601689856e+01
1.538685954166736636e+01
1.538686436241315647e+01
1.538686481105556680e+01
1.538686493418981094e+01
1.538686502453634830e+01
1.541528233000939885e+01
1.541528235949312808e+01
1.541528280146361674e+01
1.541528493699030022e+01
1.541528585435573362e+01
1.546922437883037560e+01
1.546922781815886161e+01
1.546923109985108624e+01
1.546923584801136897e+01
1.546923716868740861e+01
1.552952219934019773e+01
1.552952234253842079e+01
1.552952457912991058e+01
1.552952604939056158e+01
1.552952713163540110e+01
1.554401103188942024e+01
1.554401136037605902e+01
1.554401148226866347e+01
1.554401156131196515e+01
1.554401255821996664e+01
1.556776305858680587e+01
1.556776355307659365e+01
1.556776440296422237e+01
1.556776849568685250e+01
1.556777103237004845e+01
1.559458025132128967e+01
1.559458107412315186e+01
1.559458110911928230e+01
1.559458157257513555e+01
1.559458251960596620e+01
1.560301146904019909e+01
1.560301391140185956e+01
1.560301412469719118e+01
1.560301418035310128e+01
1.560301757508783993e+01
1.561163365638586775e+01
1.561163787940586190e+01
1.561163830770492744e+01
1.561164150634391135e+01
1.561164177782721296e+01
1.562749947172931542e+01
1.562749987634938442e+01
1.562750123627574794e+01
1.562750158824180069e+01
1.562750494783476363e+01
1.563185007504230128e+01
1.563185118139883123e+01
1.563185453694794269e+01
1.563185454816222197e+01
1.563185981860763718e+01
1.573494159032374817e+01
1.573494407039631149e+01
1.573494444903127132e+01
1.573494476066884751e+01
1.573494583688485626e+01
1.574687337781694296e+01
1.574687667792886536e+01
1.574687708128186259e+01
1.574687778940955596e+01
1.574688231536007876e+01
1.577381863673473283e+01
1.577381876450658105e+01
1.577381982252238046e+01
1.577382118108988962e+01
1.577382411756261682e+01
1.579098155391234570e+01
1.579098418385947333e+01
1.579098743302647279e+01
1.579098959688087511e+01
1.579099209577409724e+01
1.579788257744055890e+01
1.579788514960467616e+01
1.579788574905199106e+01
1.579788585663284017e+01
1.579789125810467176e+01
1.587545258702566997e+01
1.587545449714747647e+01
1.587545479324923292e+01
1.587545712105323936e+01
1.587546063972003374e+01
1.587981920117795376e+01
1.587982015903517841e+01
1.587982030582840132e+01
1.587982073812547767e+01
1.587982352965233623e+01
1.589328930923363004e+01
1.589329067480362845e+01
1.589329510476037299e+01
1.589329561751432429e+01
1.589330081562983565e+01
1.590076035232906726e+01
1.590076038338418662e+01
1.590076252255218314e+01
1.590076301409778381e+01
1.590076453490837771e+01
1.593257813809805157e+01
1.593258007315827030e+01
1.593258154341913269e+01
1.593258277161929470e+01
1.593258314128628506e+01
1.594882158592602650e+01
1.594882293338288903e+01
1.594882296790894749e+01
1.594882445366115498e+01
1.594882557113532506e+01
1.595101877700606252e+01
1.595102009322601333e+01
1.595102179986598756e+01
1.595102327458022451e+01
1.595102505570723395e+01
1.595191991151535404e+01
1.595192485418922601e+01
1.595192602232720880e+01
1.595192658244138251e+01
1.595192819349748703e+01
1.599077710096041294e+01
1.599077764350752240e+01
1.599077790089650364e+01
1.599078353345451298e+01
1.599078705444481940e+01
1.600030499953360064e+01
1.600030637946973755e+01
1.600031291459638894e+01
1.600031328420790544e+01
1.600031521816054436e+01
1.602653640018329284e+01
1.602653730476424343e+01
1.602653927590108296e+01
1.602653995206700799e+01
1.602654157275985725e+01
1.603460539234439608e+01
1.603460855534054019e+01
1.603460953619389073e+01
1.603460972113446914e+01
1.603461045615389935e+01
1.605248011930243734e+01
1.605248074508423173e+01
1.605248155109047303e+01
1.605248165969984697e+01
1.605248301120110099e+01
1.605362969776305704e+01
1.605363348885541086e+01
1.605363719379816700e+01
1.605364136640345052e+01
1.605364310157977670e+01
1.611776391941822695e+01
1.611776524876200156e+01
1.611776622840150353e+01
1.611776650290604351e+01
1.611777009044985576e+01
1.615272462135722975e+01
1.615272490298463381e+01
1.615272764238288161e+01
1.615273012015925502e+01
1.615273160389597962e+01
1.617083706441320956e+01
1.617083856885597726e+01
1.617083944149159080e+01
1.617084431670158651e+01
1.617084472141143081e+01
1.620095384565674479e+01
1.620095489000879851e+01
1.620095657317184390e+01
1.620096034764297599e+01
1.620096102914268243e+01
1.622138028618094907e+01
1.622138095686061021e+01
1.622138265865767437e+01
1.622138359416976527e+01
1.622138452272493225e+01
1.627663957358213409e+01
1.627664031852396676e+01
1.627664206181975359e+01
1.627664215902653666e+01
1.627664898518733949e+01
1.627839872697864720e+01
1.627840122254639610e+01
1.627840266719373119e+01
1.627840596280852026e+01
1.627840899374690053e+01
1.629274998353869108e+01
1.629275078362766749e+01
1.629275084676003971e+01
1.629275359750155872e+01
1.629275711895012790e+01
1.631903219017905116e+01
1.631903313089963703e+01
1.631903373024579551e+01
1.631903587395713728e+01
1.631903616375979738e+01
1.632416117318743076e+01
1.632416271987632683e+01
1.632416349391906962e+01
1.632416451915993250e+01
1.632416624964962892e+01
1.632817613744413165e+01
1.632817781217181619e+01
1.632817791432038490e+01
1.632817847596601979e+01
1.632817963859107024e+01
1.636091964683220468e+01
1.636092120618518209e+01
1.636092280615919492e+01
1.636092348042432576e+01
1.636092370916446725e+01
1.636746904637977096e+01
1.636746988372057388e+01
1.636747330483847307e+01
1.636747686747716202e+01
1.636748276501002053e+01
1.639629984226319337e+01
1.639630010928989989e+01
1.639630083425526763e+01
1.639630092566917696e+01
1.639630287727693769e+01
1.639729441205164306e+01
1.639729652085977207e+01
1.639729671506251663e+01
1.639730137610149541e+01
1.639730572304486955e+01
1.640783760501059874e+01
1.640783920975885124e+01
1.640784019774997660e+01
1.640784091664713884e+01
1.640784162750847486e+01
1.641841253538843048e+01
1.641841370249878906e+01
1.641841541259387327e+01
1.641841620926025769e+01
1.641841658095262346e+01
1.642454811789048819e+01
1.642455052774656821e+01
1.642455102299298630e+01
1.642455201071858895e+01
1.642455273495446022e+01
1.643342019704358492e+01
1.643342112325367310e+01
1.643342574632873010e+01
1.643342709950666247e+01
1.643342776040957176e+01
1.643460390626436762e+01
1.643460396497584952e+01
1.643460594624951554e+01
1.643460594905153016e+01
1.643460776783248889e+01
1.645448861668146634e+01
1.645448950742319383e+01
1.645449160046885240e+01
1.645449192910252378e+01
1.645449273052500061e+01
1.647183740562661214e+01
1.647184119324855445e+01
1.647184160222833071e+01
1.647184349358929367e+01
1.647184582167098910e+01
1.651647729883706006e+01
1.651647789292559665e+01
1.651647812058309484e+01
1.651647964334409835e+01
1.651648203589977371e+01
1.652409295481600537e+01
1.652409318203271127e+01
1.652409401852337467e+01
1.652409773089290468e+01
1.652409956935021640e+01
1.653609728481603014e+01
1.653609881042381957e+01
1.653609898869742523e+01
1.653609908905059811e+01
1.653609957768155425e+01
1.654688327882323762e+01
1.654688609220478313e+01
1.654688878287698017e+01
1.654689029855761007e+01
1.654690105193416727e+01
1.656133394744215437e+01
1.656133635320833974e+01
1.656133823217797740e+01
1.656134010060176109e+01
1.656134305875885104e+01
1.656670711123064521e+01
1.656670791181820945e+01
1.656670792765418554e+01
1.656671229345762342e+01
1.656671434932708564e+01
1.657495196932407566e+01
1.657495721575473979e+01
1.657495940308754001e+01
1.657496149588287793e+01
1.657496169146100939e+01
1.659230785203191516e+01
1.659230844470714317e+01
1.659231142762514466e+01
1.659231167668326989e+01
1.659231585732081982e+01
1.659730847228549777e+01
1.659731244154004770e+01
1.659731303538015368e+01
1.659731669232409601e+01
1.659732248648558439e+01
1.667077805534882629e+01
1.667078195694791276e+01
1.667078246974028488e+01
1.667078340766864031e+01
1.667078363617619630e+01
1.678270620303233684e+01
1.678270852037000793e+01
1.678270956117038892e+01
1.678271058086565404e+01
1.678271095295989568e+01
1.679284534860308042e+01
1.679284754657470202e+01
1.679285294649185190e+01
1.679285468307577389e+01
1.679285643529414784e+01
1.679389884613456729e+01
1.679390193376750773e+01
1.679390197949838992e+01
1.679390480293966803e+01
1.679390492339706142e+01
1.680810491851178412e+01
1.680810634745330390e+01
1.680810676634641254e+01
1.680810830497590658e+01
1.680811083946080942e+01
1.681778365656128926e+01
1.681778451331803481e+01
1.681778537294670173e+01
1.681778641240279271e+01
1.681778646674407085e+01
1.682958637228200161e+01
1.682958671268251649e+01
1.682958761098441158e+01
1.682958772996236974e+01
1.682959036437904388e+01
1.684270796859578567e+01
1.684270850527610364e+01
1.684271559577611654e+01
1.684271563991389087e+01
1.684271798929733421e+01
1.684972939079438348e+01
1.684973289970496779e+01
1.684973320108659678e+01
1.684973333477417512e+01
1.684973603111336615e+01
1.692627629368314146e+01
1.692627938922491282e+01
1.692628294098264163e+01
1.692628316016838852e+01
1.692629010559904046e+01
1.693772096372767777e+01
1.693772247520014318e+01
1.693772322058369184e+01
1.693772425624528921e+01
1.693772781846195841e+01
1.699549093747220851e+01
1.699549110363686921e+01
1.699549160104231760e+01
1.699549531593886798e+01
1.699549684089876678e+01
1.701389255838004644e+01
1.701389417673096816e+01
1.701389545094538391e+01
1.701389623470179657e+01
1.701389896921337552e+01
1.703049731638803266e+01
1.703050245753483338e+01
1.703050270577471892e+01
1.703050504485113592e+01
1.703050508620927772e+01
1.706006495202758444e+01
1.706006649542140607e+01
1.706006663959434633e+01
1.706006846615511208e+01
1.706007240998114938e+01
1.709342899139023331e+01
1.709343064943079327e+01
1.709343543388513709e+01
1.709343659764472534e+01
1.709344132904196556e+01
1.710703561924449900e+01
1.710703662381360601e+01
1.710703712092774964e+01
1.710703742687201867e+01
1.710703862493155469e+01
1.714679827777185750e+01
1.714680162083588044e+01
1.714680167203493255e+01
1.714680240922779575e+01
1.714680402769273826e+01
1.723135300339761500e+01
1.723135349183574760e+01
1.723135445032978197e+01
1.723135456511181829e+01
1.723135836102597906e+01
1.727693628087457256e+01
1.727693647957588396e+01
1.727693805713848363e+01
1.727694353096345736e+01
1.727694489339189232e+01
1.728565354078346772e+01
1.728565518224866082e+01
1.728565556617972021e+01
1.728565928072458391e+01
1.728566399696870093e+01
1.737735972072569979e+01
1.737735991907286248e+01
1.737736001789109963e+01
1.737736389540715010e+01
1.737736919002988856e+01
1.739035813425358867e+01
1.739035844256523689e+01
1.739035950242834971e+01
1.739036025550361941e+01
1.739036193718807866e+01
1.740673711634952170e+01
1.740673991276080557e+01
1.740674010445666653e+01
1.740674085290236306e+01
1.740674249554465192e+01
1.747389416047264277e+01
1.747389432215097216e+01
1.747389580416456667e+01
1.747389756718574816e+01
1.747389992990689223e+01
1.751881164258865908e+01
1.751881206262000035e+01
1.751881352363224664e+01
1.751881398755064012e+01
1.751881526413529855e+01
1.752403400362770469e+01
1.752403558622841828e+01
1.752403620713561239e+01
1.752403771106133945e+01
1.752403942727246999e+01
1.754413069732724040e+01
1.754413153746859066e+01
1.754413224186651021e+01
1.754413264903397973e+01
1.754413345221986020e+01
1.756740188275147219e+01
1.756740256397626965e+01
1.756740445099673664e+01
1.756740593142027151e+01
1.756741244573315441e+01
1.756784918092422743e+01
1.756785099506481984e+01
1.756785178832346617e+01
1.756785391857810197e+01
1.756785456792035305e+01
1.757765164312343131e+01
1.757765212104847663e+01
1.757765214071833881e+01
1.757765335668273821e+01
1.757765761365262236e+01
1.762520690124516065e+01
1.762520864166435786e+01
1.762521243659207570e+01
1.762521445741299431e+01
1.762521453919355707e+01
1.762552581900749971e+01
1.762552656865887712e+01
1.762552666591270878e+01
1.762552844376871519e+01
1.762552878536698131e+01
1.763514184520782635e+01
1.763514220151626688e+01
1.763514259061717837e+01
1.763514629325484506e+01
1.763514842939236260e+01
1.764861798919394076e+01
1.764861936797323594e+01
1.764862052739816889e+01
1.764862089215471741e+01
1.764862524559066159e+01
1.767992890183102617e+01
1.767992936022935524e+01
1.767993042414760296e+01
1.767993256406539615e+01
1.767993663810196026e+01
1.781544506171541187e+01
1.781544773142117677e+01
1.781545107720542731e+01
1.781545195727293418e+01
1.781545220026985277e+01
1.783694101252229558e+01
1.783694161296998004e+01
1.783694627450001491e+01
1.783694700000255295e+01
1.783694830868217807e+01
1.785109190632606868e+01
1.785109443755199976e+01
1.785109513112571022e+01
1.785109626252684834e+01
1.785109749221318864e+01
1.789215373341063042e+01
1.789215412063343180e+01
1.789215716414876667e+01
1.789215747735582340e+01
1.789216131374295315e+01
1.793371218874106887e+01
1.793371344527953681e+01
1.793371521285258297e+01
1.793371913419243668e+01
1.793371989056648630e+01
1.795243013848264368e+01
1.795243189115335625e+01
1.795243510002473286e+01
1.795243615233598078e+01
1.795243733519490803e+01
1.797864902335267345e+01
1.797865034268701478e+01
1.797865052257538210e+01
1.797865212682530256e+01
1.797865271255329489e+01
1.801121182877765392e+01
1.801121185141633063e+01
1.801121347752838275e+01
1.801121580204401695e+01
1.801121914916922151e+01
1.815623637654566380e+01
1.815624016367375759e+01
1.815624144939970819e+01
1.815624167827967383e+01
1.815624986856041545e+01
1.815699735478308696e+01
1.815699794535429490e+01
1.815699837167201025e+01
1.815699976499972479e+01
1.815699980597014829e+01
1.818659012016821208e+01
1.818659188824008410e+01
1.818659339852574064e+01
1.818659376234043279e+01
1.818659731542159363e+01
1.842034339673394783e+01
1.842034484330030253e+01
1.842035032195913402e+01
1.842035180250638149e+01
1.842035551476680766e+01
1.842806001613029565e+01
1.842806001620355261e+01
1.842806001624967749e+01
1.842806001626053103e+01
1.842806001630665591e+01
1.849875920189513678e+01
1.849876120056421414e+01
1.849876150226819860e+01
1.849876176507498116e+01
1.849876481882236234e+01
1.853096882941094492e+01
1.853097051104987258e+01
1.853097130356096756e+01
1.853097260795018286e+01
1.853097342763730992e+01
1.853395143341537832e+01
1.853395281820368012e+01
1.853395466891240773e+01
1.853395626586239686e+01
1.853396194456544066e+01
1.857052467128755779e+01
1.857052728100631711e+01
1.857052788210663508e+01
1.857052957421785777e+01
1.857053071818088696e+01
1.859727503407958693e+01
1.859727569053059071e+01
1.859727725907478302e+01
1.859727941377716576e+01
1.859728070297644464e+01
1.862323384627116951e+01
1.862323410493462106e+01
1.862323430923318668e+01
1.862323448299462214e+01
1.862323469294740974e+01
1.862341285919420386e+01
1.862341322988350711e+01
1.862341338781373778e+01
1.862341384938325461e+01
1.862341485982901190e+01
1.866655485194040764e+01
1.866655570773301420e+01
1.866656332832050680e+01
1.866656334468131462e+01
1.866656478552227227e+01
1.867285863796167433e+01
1.867285945105622957e+01
1.867286204051216103e+01
1.867286361882664991e+01
1.867286451782907264e+01
1.867907517192968214e+01
1.867907634895526670e+01
1.867907679647203523e+01
1.867907770837735981e+01
1.867907936388728984e+01
1.871305764452992904e+01
1.871305771316382405e+01
1.871305953705326175e+01
1.871306087984004662e+01
1.871306931040709998e+01
1.871868948120567566e+01
1.871869052814058421e+01
1.871869152873138376e+01
1.871869321891087523e+01
1.871869503231728871e+01
1.878845003103768718e+01
1.878845367067763661e+01
1.878845387994978111e+01
1.878845540552495663e+01
1.878845812357682377e+01
1.882055310193353392e+01
1.882055488900101281e+01
1.882055527987949617e+01
1.882055914649987471e+01
1.882056383858358117e+01
1.884185978155553798e+01
1.884186212183923104e+01
1.884186328218098438e+01
1.884186452639441001e+01
1.884186823986676984e+01
1.888891569904688694e+01
1.888891667085754378e+01
1.888891671414218720e+01
1.888891808237305980e+01
1.888891885178450281e+01
1.889873371910933031e+01
1.889873622827991895e+01
1.889873688931617579e+01
1.889873786675978096e+01
1.889874287538194864e+01
1.893494772030015483e+01
1.893494842194190042e+01
1.893494863600374600e+01
1.893494921740483861e+01
1.893494953858076713e+01
1.893505619956275865e+01
1.893505760386537773e+01
1.893505763179241086e+01
1.893505833972792374e+01
1.893505885833471680e+01
1.895483253058965900e+01
1.895483393785870163e+01
1.895483541546852990e+01
1.895483967320747354e+01
1.895484241085902610e+01
1.897477183415126234e+01
1.897477303635540480e+01
1.897477369964659033e+01
1.897477447524475735e+01
1.897477802003491121e+01
1.903985147755885166e+01
1.903985342215112908e+01
1.903985796310729128e+01
1.903985864931512495e+01
1.903986214213485439e+01
1.906269565831128787e+01
1.906269762356577147e+01
1.906269958523975916e+01
1.906270193164127136e+01
1.906270276424096366e+01
1.906272356663391321e+01
1.906272743097115097e+01
1.906272877210133387e+01
1.906273037568858086e+01
1.906273417940616355e+01
1.906869519929719559e+01
1.906869744839956127e+01
1.906870128210623605e+01
1.906870364751101832e+01
1.906870366373655656e+01
1.909344007651318975e+01
1.909344395966846264e+01
1.909344501345422529e+01
1.909344544619959549e+01
1.909344837121361849e+01
1.911945968125930051e+01
1.911945971702652614e+01
1.911946208096085442e+01
1.911946245006119582e+01
1.911946374392336168e+01
1.915596464151309775e+01
1.915596758265684585e+01
1.915596870101849092e+01
1.915597069711947498e+01
1.915597510043798479e+01
