3.090111661752695138e+00
3.090112110490491393e+00
3.090113692180272764e+00
3.090114122860189827e+00
3.090116159143535768e+00
3.094002112054869968e+00
3.094004841205002965e+00
3.094007630210371396e+00
3.094008044349593423e+00
3.094008441940649057e+00
3.102352961173180379e+00
3.102357884722521941e+00
3.102358481123676182e+00
3.102360387801519792e+00
3.102362957972520263e+00
3.107056872620777010e+00
3.107059191969152145e+00
3.107059585283166392e+00
3.107060349655281772e+00
3.107063589468359144e+00
3.112048504715182240e+00
3.112052940118468669e+00
3.112055089374222483e+00
3.112055366040263671e+00
3.112055561297065509e+00
3.125813893388408982e+00
3.125818065994885320e+00
3.125818637509221176e+00
3.125818721167304748e+00
3.125818844478995828e+00
3.127578558086111737e+00
3.127580200954086287e+00
3.127580858666966890e+00
3.127582180822752189e+00
3.127582959187494183e+00
3.140661935022616369e+00
3.140662759769027534e+00
3.140662863664293702e+00
3.140672124705156332e+00
3.140675102282946440e+00
3.156089189788527261e+00
3.156091449086988021e+00
3.156097290309663350e+00
3.156101103291844900e+00
3.156102444360765702e+00
3.169087233699948936e+00
3.169092231444204266e+00
3.169094167013658758e+00
3.169094219820546510e+00
3.169098178914627528e+00
3.186000376114227262e+00
3.186006636794719071e+00
3.186007580436681419e+00
3.186008701777194752e+00
3.186011147343963845e+00
3.201848769789104487e+00
3.201851781735063351e+00
3.201852055389192930e+00
3.201852238330182399e+00
3.201852977964478875e+00
7.180214675202963193e+00
7.180218363845210838e+00
7.180220915800571646e+00
7.180221897239666973e+00
7.180221976324965283e+00
7.183990760580083901e+00
7.183991498053155844e+00
7.183991580771792229e+00
7.183992506983842397e+00
7.183997176454067102e+00
7.343388737980579783e+00
7.343389363025768724e+00
7.343391389038174566e+00
7.343391487650648308e+00
7.343391830877608939e+00
7.362307367184558693e+00
7.362310043111469859e+00
7.362310957362504737e+00
7.362317582881086508e+00
7.362320131378423227e+00
7.425820116492183764e+00
7.425822154818952470e+00
7.425829752135446604e+00
7.425830937571903156e+00
7.425831224873078007e+00
7.456510988183413957e+00
7.456511159651006082e+00
7.456512211939306134e+00
7.456515558630585794e+00
7.456518363633257707e+00
7.559278655698570937e+00
7.559279317348975624e+00
7.559281962230275376e+00
7.559282711560666890e+00
7.559284496412342236e+00
7.606300205079995713e+00
7.606300891925062757e+00
7.606306300130174947e+00
7.606307238739439036e+00
7.606307806426190865e+00
7.608160431595800688e+00
7.608162127702064126e+00
7.608162398339036514e+00
7.608164263598676591e+00
7.608164495553443984e+00
7.617202127730364758e+00
7.617202737606502794e+00
7.617204312429857183e+00
7.617204840943952782e+00
7.617206567095315961e+00
7.643851688651474241e+00
7.643853164406024803e+00
7.643853605230807702e+00
7.643857275924244910e+00
7.643861687144791084e+00
7.655128663745632167e+00
7.655129603318287401e+00
7.655133490312236333e+00
7.655134911319328772e+00
7.655138145899132773e+00
7.656637980014465938e+00
7.656642757011717038e+00
7.656643450951598595e+00
7.656643720240611906e+00
7.656650212919485554e+00
7.695045497760229836e+00
7.695046060122058051e+00
7.695049498567243518e+00
7.695051118758080122e+00
7.695051686077227338e+00
7.746797461028653409e+00
7.746799430235689066e+00
7.746800836790629141e+00
7.746801311567245385e+00
7.746801963926791323e+00
7.749198357565767914e+00
7.749198803205399777e+00
7.749202808392614550e+00
7.749208849818153944e+00
7.749211088104388523e+00
7.752239381514220540e+00
7.752239488889645536e+00
7.752240100732174177e+00
7.752240624451746775e+00
7.752242962465766496e+00
7.817884797072671255e+00
7.817887974555532082e+00
7.817888675870230841e+00
7.817888704560842505e+00
7.817891494738207214e+00
8.363277385259920038e+00
8.363279803384555677e+00
8.363280359625640870e+00
8.363281166145259959e+00
8.363281273854180853e+00
8.372382495657971546e+00
8.372389871816768192e+00
8.372392067748618771e+00
8.372392801756257441e+00
8.372396057258638891e+00
8.527908314375807208e+00
8.527908446747069604e+00
8.527909665633190528e+00
8.527913109600730124e+00
8.527915364782884922e+00
8.543626258381156191e+00
8.543626291926631922e+00
8.543631831814851196e+00
8.543632598731058181e+00
8.543635311037100166e+00
8.563280059498229235e+00
8.563283063516001548e+00
8.563287060405016859e+00
8.563289347225165216e+00
8.563289655482872575e+00
8.582020413480732302e+00
8.582021189888777712e+00
8.582023681498437639e+00
8.582024194034877596e+00
8.582025537936834425e+00
8.602989373950197916e+00
8.602991014350765298e+00
8.602994962581345106e+00
8.602995184265768813e+00
8.602998343101084799e+00
8.616109426214363154e+00
8.616110621312843776e+00
8.616112484322613341e+00
8.616112519338406273e+00
8.616115560819737951e+00
8.695312593725425643e+00
8.695312628675290867e+00
8.695314584176928818e+00
8.695315085274366140e+00
8.695316106623151242e+00
8.714736887146965927e+00
8.714740119613436420e+00
8.714741605130930324e+00
8.714743010014696978e+00
8.714745793705057864e+00
8.751705898914792670e+00
8.751709174247050527e+00
8.751713818178698645e+00
8.751717655352003078e+00
8.751720014294333438e+00
8.797415363491712270e+00
8.797415897898655857e+00
8.797416472044504943e+00
8.797418298330482500e+00
8.797421480172470609e+00
9.478292403687492040e+00
9.478295674481778121e+00
9.478295690434013210e+00
9.478298721126066084e+00
9.478298949183868061e+00
9.491995364737595864e+00
9.491996840860197793e+00
9.491997801105938493e+00
9.492000669558551706e+00
9.492001002133322984e+00
9.515435717953225847e+00
9.515436184127347374e+00
9.515437535515642864e+00
9.515440527111710622e+00
9.515442263915009136e+00
9.516702454768669384e+00
9.516707618929983070e+00
9.516707689899906342e+00
9.516707839174218364e+00
9.516709900017968238e+00
9.527685714259261474e+00
9.527685943590920914e+00
9.527686443974738850e+00
9.527688018055588515e+00
9.527688222118731787e+00
9.528398449991478003e+00
9.528398767232614475e+00
9.528403533588404528e+00
9.528403812318199329e+00
9.528406765572091430e+00
9.601615948375563647e+00
9.601621487993577730e+00
9.601621705956759456e+00
9.601622394121735127e+00
9.601625736150102952e+00
9.610822901172406674e+00
9.610823063962834922e+00
9.610823430721220362e+00
9.610823811437809283e+00
9.610823908848812991e+00
9.633427803653276555e+00
9.633431075426864609e+00
9.633431364093482330e+00
9.633431557207432050e+00
9.633432363394678788e+00
9.658099430783471107e+00
9.658100519191131994e+00
9.658100797196103926e+00
9.658100967198469888e+00
9.658103625293115613e+00
9.678891417393833407e+00
9.678896258613375991e+00
9.678899587644250957e+00
9.678899764089925029e+00
9.678907320219570565e+00
9.760252821874029650e+00
9.760253334406847614e+00
9.760255026780805920e+00
9.760256198486800372e+00
9.760258472468850144e+00
1.017758464781305605e+01
1.017758912248377179e+01
1.017759017875056671e+01
1.017759197473056432e+01
1.017759287589162653e+01
1.022607874494911151e+01
1.022607907838581021e+01
1.022607944059696727e+01
1.022608044166972086e+01
1.022608073786824612e+01
1.029362881334371771e+01
1.029362980850292608e+01
1.029363526152447328e+01
1.029363792801165367e+01
1.029364162361406621e+01
1.030061101328460005e+01
1.030061179221409162e+01
1.030061359327200421e+01
1.030061368133957345e+01
1.030061500149869680e+01
1.031031435872350244e+01
1.031031764696898101e+01
1.031031906135304865e+01
1.031031940043081363e+01
1.031031972818496101e+01
1.032260126062709027e+01
1.032260244633590318e+01
1.032260271409783492e+01
1.032260424237023599e+01
1.032260553217548704e+01
1.033137771137034910e+01
1.033137839188459850e+01
1.033137909254616460e+01
1.033138045739774213e+01
1.033138322108419338e+01
1.033812980038942975e+01
1.033813162219363591e+01
1.033813250202375755e+01
1.033813621311888120e+01
1.033813957226831093e+01
1.035521403649871530e+01
1.035521410778164331e+01
1.035521480980476916e+01
1.035521996109208764e+01
1.035522126686822553e+01
1.039172918039630211e+01
1.039173101111648378e+01
1.039173610808607684e+01
1.039173702510797881e+01
1.039173979891240407e+01
1.040310895499032995e+01
1.040310994438201497e+01
1.040311139308812649e+01
1.040311173984495952e+01
1.040311710307540594e+01
1.042863040325046775e+01
1.042863365292404865e+01
1.042863579966718390e+01
1.042864021443352129e+01
1.042864035916955068e+01
1.053113716622758744e+01
1.053113921422558974e+01
1.053113941555708521e+01
1.053114375749377096e+01
1.053114566836391042e+01
1.056732503420804292e+01
1.056732592381345981e+01
1.056732703278364482e+01
1.056733053013390133e+01
1.056734012338961293e+01
1.056797302470062228e+01
1.056797323371421093e+01
1.056797550571063837e+01
1.056797713442359843e+01
1.056797730671768676e+01
1.057347771473983755e+01
1.057348159898621276e+01
1.057348310852199624e+01
1.057348533892680109e+01
1.057348581140580990e+01
1.065598865473307377e+01
1.065598931150927875e+01
1.065599127020569625e+01
1.065599216053577969e+01
1.065599357363263344e+01
1.065841020553253138e+01
1.065841184069653025e+01
1.065841371282331274e+01
1.065841432499694186e+01
1.065841512028406690e+01
1.299956127014677243e+01
1.299956180717642518e+01
1.299956204667295623e+01
1.299956289992475078e+01
1.299956567872173174e+01
1.301823426232989611e+01
1.301823512565739449e+01
1.301823768704888806e+01
1.301823860984273118e+01
1.301823930030478316e+01
1.307052997380366222e+01
1.307053050925248350e+01
1.307053210611564964e+01
1.307053283197360649e+01
1.307053398402681843e+01
1.309125488455938680e+01
1.309125915381710037e+01
1.309126090424066113e+01
1.309126111800158299e+01
1.309126485579220045e+01
1.312410758727998150e+01
1.312411255997905535e+01
1.312411309001488391e+01
1.312411460572864641e+01
1.312411779421763569e+01
1.316107873787707305e+01
1.316108038865351126e+01
1.316108104572341020e+01
1.316108319030770346e+01
1.316108593978855623e+01
1.316226376569395384e+01
1.316226454768327336e+01
1.316226569270275704e+01
1.316226596677031324e+01
1.316227020572818951e+01
1.321688712993343096e+01
1.321688800382677087e+01
1.321688891638270569e+01
1.321689146484149724e+01
1.321689214255756717e+01
1.322010401820273096e+01
1.322010462511548923e+01
1.322010602843259974e+01
1.322010609705156625e+01
1.322010712567035107e+01
1.325051804532939670e+01
1.325051868108188380e+01
1.325051922494360213e+01
1.325052073244670758e+01
1.325052136551992454e+01
1.329091070582072653e+01
1.329091085441475784e+01
1.329091295445501153e+01
1.329091641396484214e+01
1.329092056532202903e+01
1.333891451906413650e+01
1.333891567280489276e+01
1.333891797369261845e+01
1.333891849909129590e+01
1.333891935779656812e+01
1.334450677713492794e+01
1.334450784397461476e+01
1.334450865772884143e+01
1.334450950685337034e+01
1.334450953930491934e+01
1.338889863257617030e+01
1.338890502424675688e+01
1.338890838530908844e+01
1.338890855862792151e+01
1.338891048733615285e+01
1.340866348666040686e+01
1.340866863193732605e+01
1.340866938503220673e+01
1.340866969462295266e+01
1.340867541348510628e+01
1.344578577698231925e+01
1.344578870167905116e+01
1.344579240969084744e+01
1.344579849351090139e+01
1.344579937705825046e+01
1.345711460088305778e+01
1.345711982518176164e+01
1.345712215750826779e+01
1.345712284958787208e+01
1.345712380041515210e+01
1.348364306304123517e+01
1.348364932017293327e+01
1.348365110825328550e+01
1.348365188471580112e+01
1.348365586523921777e+01
1.364942493844337790e+01
1.364942505306725273e+01
1.364942531130889769e+01
1.364942557937878931e+01
1.364942564796775670e+01
1.375081386181196130e+01
1.375081430998542764e+01
1.375081562842364669e+01
1.375081712336397821e+01
1.375081908235651262e+01
1.375834846939486233e+01
1.375834857832145453e+01
1.375834915542558790e+01
1.375834963356433960e+01
1.375835238659774973e+01
1.377646391504002565e+01
1.377646623800167447e+01
1.377646731039565253e+01
1.377646811400512838e+01
1.377647095238109287e+01
1.380758729234039706e+01
1.380758761360216624e+01
1.380758854490529686e+01
1.380759060655044124e+01
1.380759180346087511e+01
1.381851070986667551e+01
1.381851636250795146e+01
1.381851898499256492e+01
1.381851910281995544e+01
1.381852057569839687e+01
1.382489412862897815e+01
1.382489703318617735e+01
1.382489919163969994e+01
1.382489933838941276e+01
1.382490098220236874e+01
1.384220927234160925e+01
1.384221016339876265e+01
1.384221101337860738e+01
1.384221237079535882e+01
1.384221595786960712e+01
1.389469517960361777e+01
1.389469634060780834e+01
1.389470433400077631e+01
1.389470456191854275e+01
1.389470562379066720e+01
1.390590691379027000e+01
1.390591034433201045e+01
1.390591083619120738e+01
1.390591722375766182e+01
1.390591870413817865e+01
1.394604222837074303e+01
1.394604537134093647e+01
1.394604555745462804e+01
1.394604716260847788e+01
1.394604728397978732e+01
1.399923561911149505e+01
1.399923898258401778e+01
1.399924087994059896e+01
1.399924560606392099e+01
1.399924832044206724e+01
1.436595250486719344e+01
1.436595283212707663e+01
1.436595318372226870e+01
1.436595430210259217e+01
1.436595625059814729e+01
1.437223383315203407e+01
1.437223727638115633e+01
1.437223949167978532e+01
1.437224244704353815e+01
1.437224633168037613e+01
1.445473698335601043e+01
1.445473717856191342e+01
1.445473931396896461e+01
1.445474062241865454e+01
1.445474158843387968e+01
1.446984848209545049e+01
1.446984873927851467e+01
1.446985893653770283e+01
1.446985978202276790e+01
1.446986366532870960e+01
1.447977697486739501e+01
1.447977757677927890e+01
1.447977833027149686e+01
1.447977835240235933e+01
1.447978639421866554e+01
1.451224430719452840e+01
1.451224650400481586e+01
1.451224713334568328e+01
1.451224770031851463e+01
1.451224824204023811e+01
1.452055763578658265e+01
1.452055847250029252e+01
1.452056268179026155e+01
1.452056287408652757e+01
1.452056604066797441e+01
1.453294244960393478e+01
1.453294247051504762e+01
1.453294364052582388e+01
1.453294394034119819e+01
1.453294455143210051e+01
1.458057161305413274e+01
1.458057179951801707e+01
1.458057324916959807e+01
1.458057520426749143e+01
1.458057622761528549e+01
1.459017080590217041e+01
1.459017517894147886e+01
1.459017880375014542e+01
1.459017999459567960e+01
1.459018198882042583e+01
1.462033199220182134e+01
1.462033236239860656e+01
1.462033817421812998e+01
1.462033996918334289e+01
1.462034236943512688e+01
1.464597590237332092e+01
1.464597724081257901e+01
1.464598584088145294e+01
1.464598720155456313e+01
1.464599075716286336e+01
1.489323866349424996e+01
1.489324376402266559e+01
1.489324400088509925e+01
1.489324420234221513e+01
1.489324593178397649e+01
1.489754086748883566e+01
1.489754203388934783e+01
1.489754210596164086e+01
1.489754331222769146e+01
1.489754549177481024e+01
1.490084766497194835e+01
1.490084801557951444e+01
1.490085077625770893e+01
1.490085125538134925e+01
1.490085154516344979e+01
1.491680856735112748e+01
1.491681023266703754e+01
1.491681060022550476e+01
1.491681061526223218e+01
1.491681207759218353e+01
1.492639003079110260e+01
1.492639090974104121e+01
1.492639795372279288e+01
1.492639868852831952e+01
1.492640025847491536e+01
1.493824686375211819e+01
1.493824996114672210e+01
1.493825314522417713e+01
1.493825477216465281e+01
1.493825794579140442e+01
1.495775520972983408e+01
1.495775528870893112e+01
1.495775712078184583e+01
1.495776255844101854e+01
1.495776835684053552e+01
1.496681561062673183e+01
1.496681582601990890e+01
1.496681753851499330e+01
1.496682136108064931e+01
1.496682228581939178e+01
1.500992089553439435e+01
1.500992129836129507e+01
1.500992451563298147e+01
1.500992462946100048e+01
1.500992612571760709e+01
1.504743390420439653e+01
1.504743401930707769e+01
1.504743976391332794e+01
1.504743993129396173e+01
1.504744267725915030e+01
1.507799819106634587e+01
1.507800009099681482e+01
1.507800659156906065e+01
1.507800789983544121e+01
1.507801162098968462e+01
1.511747853334344960e+01
1.511748132875976225e+01
1.511748730773404681e+01
1.511748861676105271e+01
1.511749266283599091e+01
1.516591717584202215e+01
1.516591824293537627e+01
1.516591848676498699e+01
1.516592226239142960e+01
1.516592272601967295e+01
1.518341442331401403e+01
1.518341940639525411e+01
1.518342158251558338e+01
1.518342510177463289e+01
1.518342802136921676e+01
1.518431346610705290e+01
1.518431355030907959e+01
1.518431406705287934e+01
1.518431571050206941e+01
1.518431708794636492e+01
1.519706738717045980e+01
1.519706936851312840e+01
1.519707118485005992e+01
1.519707472491334421e+01
1.519707489081369189e+01
1.520333644516886906e+01
1.520334428070679422e+01
1.520334672163007816e+01
1.520334741837138992e+01
1.520334767368029460e+01
1.523463289726733194e+01
1.523463440713297956e+01
1.523463544893346011e+01
1.523463661825250171e+01
1.523463667744984384e+01
1.645558149077084309e+01
1.645558228337727158e+01
1.645558239193921679e+01
1.645558240783048021e+01
1.645558243125414322e+01
1.645823231408829201e+01
1.645823262628463368e+01
1.645823275127071383e+01
1.645823300252186883e+01
1.645823315043568158e+01
1.648800897814226474e+01
1.648801195136029918e+01
1.648801660448581430e+01
1.648801733626272181e+01
1.648801975193200420e+01
1.649104850742062567e+01
1.649104918623736182e+01
1.649105108099844585e+01
1.649105350508875389e+01
1.649105638076894209e+01
1.650495439849804669e+01
1.650495718962336511e+01
1.650495853925419709e+01
1.650496168608094649e+01
1.650496956960539308e+01
1.654205964666129347e+01
1.654206097976004841e+01
1.654207207542029678e+01
1.654207295474481754e+01
1.654207426817145077e+01
1.656483506922420545e+01
1.656484267964534496e+01
1.656484363959105011e+01
1.656484533804345460e+01
1.656484850909901851e+01
1.656801406136534993e+01
1.656801572184490823e+01
1.656801611728453238e+01
1.656801896279998942e+01
1.656802273195567565e+01
1.663121546387695560e+01
1.663121662401761824e+01
1.663121803529134013e+01
1.663121875816080930e+01
1.663122650917544121e+01
1.663337677318108732e+01
1.663338073078951496e+01
1.663338165250229750e+01
1.663338359631617180e+01
1.663338428058764151e+01
1.663574388271531390e+01
1.663574680607396061e+01
1.663574798898143925e+01
1.663575333549099966e+01
1.663575385356792324e+01
1.664890009520448899e+01
1.664890050050753345e+01
1.664890118652279227e+01
1.664890326638364471e+01
1.664890881136058454e+01
