7.453986712162827821e+00
7.453988915567288487e+00
7.453994353331641953e+00
7.453994514426475426e+00
7.453995652701977725e+00
7.502583894292685684e+00
7.502586205356123195e+00
7.502587960757274743e+00
7.502589656225375769e+00
7.502590118465755076e+00
7.504334824126652315e+00
7.504336627364206258e+00
7.504337251363373262e+00
7.504338665045708012e+00
7.504343701064071226e+00
7.509833612704079897e+00
7.509834630968915015e+00
7.509836737912483073e+00
7.509838629111813546e+00
7.509846221608002637e+00
7.515921549736931162e+00
7.515922860361193614e+00
7.515922919169674365e+00
7.515926061883525300e+00
7.515927807596344934e+00
7.519477191992804954e+00
7.519481435877077402e+00
7.519481944615598934e+00
7.519483803187556603e+00
7.519484360858795569e+00
1.204075092510014500e+01
1.204075174320108665e+01
1.204075177990975831e+01
1.204075374161435086e+01
1.204075483130106683e+01
1.215116747707807754e+01
1.215117056802759166e+01
1.215117313599802173e+01
1.215117434267157570e+01
1.215117671795616872e+01
1.215117953790495164e+01
1.215117987491338170e+01
1.215118163457776568e+01
1.215118247484169700e+01
1.215118933187200412e+01
1.215292381144965539e+01
1.215292474595724670e+01
1.215293252475714247e+01
1.215293642133044294e+01
1.215293736116499446e+01
1.215760617140561806e+01
1.215760752234172060e+01
1.215761085630725269e+01
1.215761095507665779e+01
1.215761165296868462e+01
1.216677457271646823e+01
1.216677521424637654e+01
1.216677538088872623e+01
1.216677841651190839e+01
1.216678164026132158e+01
1.416608999999999874e+01
1.428783835713436545e+01
1.428784540544864612e+01
1.428784770413304628e+01
1.428784912070742585e+01
1.428785308036165347e+01
