1.077279989324965825e+00
1.077283063776647953e+00
1.077283753242385123e+00
1.077284756505910934e+00
1.077295072159897726e+00
1.077454855574004000e+00
1.077458582684271970e+00
1.077459492742071090e+00
1.077460358853169042e+00
1.077464676079916917e+00
1.078452895726095706e+00
1.078454938372484850e+00
1.078456169299429890e+00
1.078457293822986163e+00
1.078459888822945079e+00
1.079587625947981300e+00
1.079594050604207878e+00
1.079594146566199342e+00
1.079595874482669027e+00
1.079597030748046915e+00
1.080815829177200982e+00
1.080816190709594782e+00
1.080819863483272636e+00
1.080820467885394542e+00
1.080823489428316408e+00
1.085771746593177767e+00
1.085772063096117845e+00
1.085774125543614410e+00
1.085777052345462845e+00
1.085779016605128655e+00
1.086499316290627126e+00
1.086500474873342892e+00
1.086500500414058434e+00
1.086504058851139209e+00
1.086507299285191186e+00
1.086641438423917361e+00
1.086642181677115016e+00
1.086647085672252766e+00
1.086647838860410165e+00
1.086648397090797857e+00
1.087573834459067523e+00
1.087573863100800731e+00
1.087574702077976463e+00
1.087575909074856240e+00
1.087578019684105612e+00
1.088823756904670592e+00
1.088826313330092166e+00
1.088828361772414599e+00
1.088832801719345822e+00
1.088836793463556551e+00
1.091114775493394307e+00
1.091115502089491152e+00
1.091116247564850594e+00
1.091117216847026450e+00
1.091119477829994633e+00
1.091887026253173243e+00
1.091887615233362085e+00
1.091887629245793079e+00
1.091890149694555667e+00
1.091890943547018766e+00
2.202629983042999839e+00
2.202631849946785625e+00
2.202634123589299442e+00
2.202638994047822152e+00
2.202640589065769205e+00
2.207467407098007595e+00
2.207469127349236171e+00
2.207470320276130771e+00
2.207471556464544626e+00
2.207476229860697803e+00
2.214977223201177736e+00
2.214977334737310510e+00
2.214978221540790493e+00
2.214978285717492668e+00
2.214978651341814153e+00
2.222543485873786029e+00
2.222547258305209272e+00
2.222548072595956992e+00
2.222548328968349196e+00
2.222551473892112384e+00
2.228247275730411037e+00
2.228248855850710086e+00
2.228251237113981986e+00
2.228255128031796595e+00
2.228255207129559601e+00
2.231364016381011783e+00
2.231367103302367649e+00
2.231369985457364979e+00
2.231370198353469281e+00
2.231374588924952107e+00
2.231536239768469265e+00
2.231536366026778850e+00
2.231536658672673479e+00
2.231539397142698444e+00
2.231542345240170366e+00
2.231598267990903661e+00
2.231601309217217999e+00
2.231604358863819915e+00
2.231605683829470888e+00
2.231606982535231598e+00
2.231733392007207772e+00
2.231737869329639690e+00
2.231738392598917375e+00
2.231738555879697827e+00
2.231742625147442372e+00
2.232605823046244886e+00
2.232607503122749915e+00
2.232608046702331261e+00
2.232608651891325735e+00
2.232611171050615795e+00
2.232699787880135567e+00
2.232701322613483974e+00
2.232704341219410527e+00
2.232705006309611218e+00
2.232706609700433109e+00
2.239063035713823258e+00
2.239063896654135633e+00
2.239064427969861271e+00
2.239064771751813065e+00
2.239064855536792908e+00
2.246054417038910067e+00
2.246056353055283505e+00
2.246059417424213667e+00
2.246059434164642710e+00
2.246059870150392879e+00
2.249651817548662613e+00
2.249652317714895489e+00
2.249652998620009114e+00
2.249655590551586037e+00
2.249657923818640715e+00
2.259065681692322247e+00
2.259066316335136104e+00
2.259066795050559406e+00
2.259067735239472796e+00
2.259077299894804103e+00
2.259121330451289378e+00
2.259121577715551332e+00
2.259123153261017425e+00
2.259123972959431015e+00
2.259127338509275607e+00
2.265435715486096235e+00
2.265440952441709399e+00
2.265441532262530533e+00
2.265442757630393267e+00
2.265442764913736973e+00
2.271437990172746169e+00
2.271442538234238473e+00
2.271442796198047009e+00
2.271446287918778228e+00
2.271446445351508636e+00
2.275318862115812912e+00
2.275323422329229572e+00
2.275325472652208969e+00
2.275325609094223545e+00
2.275326324596100847e+00
2.277595059069982941e+00
2.277598412253574178e+00
2.277598655492226509e+00
2.277598761920105908e+00
2.277599881651735103e+00
2.278969168856831651e+00
2.278972064199120684e+00
2.278972907539710491e+00
2.278974780422108992e+00
2.278977398001129639e+00
2.286697116213688652e+00
2.286698406633458802e+00
2.286698428739565969e+00
2.286699499015994785e+00
2.286703217647624964e+00
2.296783031938367525e+00
2.296789318222288490e+00
2.296791259148293296e+00
2.296791971816341427e+00
2.296796614722339314e+00
2.299110707230080042e+00
2.299115455778591777e+00
2.299116099134621560e+00
2.299119255040938281e+00
2.299119902419183958e+00
3.330582955489924668e+00
3.330583142979619993e+00
3.330586221042775019e+00
3.330587665532915853e+00
3.330588227640876919e+00
3.333280921539617303e+00
3.333281394272016751e+00
3.333284614595639628e+00
3.333285306765683131e+00
3.333286447126919239e+00
3.335513311515934998e+00
3.335517766119676875e+00
3.335519826233986240e+00
3.335521735710921476e+00
3.335522059063618094e+00
3.335611746366773822e+00
3.335613166555738029e+00
3.335615801197734154e+00
3.335618232427086660e+00
3.335619797608833981e+00
3.335863453245651034e+00
3.335864651615829679e+00
3.335864962105031140e+00
3.335871863936023640e+00
3.335872605616107212e+00
3.335948680270726108e+00
3.335948751569783877e+00
3.335949381780245471e+00
3.335949572325696888e+00
3.335954528542018238e+00
3.340506082107919550e+00
3.340510986211540523e+00
3.340511664670548608e+00
3.340513673808267026e+00
3.340515689620392248e+00
3.348653054184622668e+00
3.348653883264139264e+00
3.348659569126131164e+00
3.348662035291110062e+00
3.348665341087400993e+00
3.366057143023571285e+00
3.366057209570271436e+00
3.366058937927262296e+00
3.366059016297843431e+00
3.366062745731279726e+00
3.366585971841502545e+00
3.366586310923871395e+00
3.366587908862621603e+00
3.366596611728229327e+00
3.366597177135988161e+00
3.366631014946543488e+00
3.366631598096233802e+00
3.366633086482695880e+00
3.366633702053134947e+00
3.366637931245354487e+00
3.369500908932953287e+00
3.369505545091148413e+00
3.369505654676958617e+00
3.369505875480855117e+00
3.369506336156677495e+00
3.373208885823705927e+00
3.373210356114781039e+00
3.373211527980420232e+00
3.373214125266880803e+00
3.373216434710351042e+00
3.374164379709441164e+00
3.374165632063725884e+00
3.374168452344962876e+00
3.374168665152944779e+00
3.374170320893715935e+00
3.378783608060747401e+00
3.378783771788304247e+00
3.378783776760508228e+00
3.378786387876569819e+00
3.378787115164257226e+00
3.382487435837715051e+00
3.382492583303029043e+00
3.382494388361938054e+00
3.382496055962224357e+00
3.382497179954477851e+00
3.384234427651252375e+00
3.384234857896242676e+00
3.384235028333581585e+00
3.384235511736734647e+00
3.384236486683517953e+00
3.384270722932785525e+00
3.384273845302711248e+00
3.384274759708495672e+00
3.384275610821316782e+00
3.384276511590032399e+00
3.388380611354043115e+00
3.388382407299978638e+00
3.388383500889473154e+00
3.388386785389177369e+00
3.388389530116040049e+00
3.389178670135287952e+00
3.389181553856329465e+00
3.389181770191737275e+00
3.389182299552504496e+00
3.389184052983845508e+00
3.390713365016276182e+00
3.390717184048236632e+00
3.390717252352369648e+00
3.390719361934868559e+00
3.390719849751672399e+00
3.396133387928100600e+00
3.396134922305060755e+00
3.396136087776813195e+00
3.396137118050448045e+00
3.396139067558924474e+00
3.399080101792248509e+00
3.399083144158141945e+00
3.399086927293857752e+00
3.399087306277965403e+00
3.399093401982358209e+00
3.400143373756465692e+00
3.400143430930524957e+00
3.400143726226878105e+00
3.400144565176604239e+00
3.400146308984365540e+00
6.819097510411475938e+00
6.819101626490104984e+00
6.819101954392528420e+00
6.819102028302554075e+00
6.819103813728017549e+00
6.872094857654396982e+00
6.872095817536306050e+00
6.872096307372300039e+00
6.872096916007515155e+00
6.872099309446858761e+00
6.877555804869925460e+00
6.877556536888665306e+00
6.877559304535294515e+00
6.877559742132380194e+00
6.877560167523072643e+00
6.887181954340977796e+00
6.887182461108462661e+00
6.887188414868580466e+00
6.887191225535995720e+00
6.887196209474505615e+00
6.908412088960819375e+00
6.908413175317468458e+00
6.908413843111889996e+00
6.908415396601451874e+00
6.908415946047255396e+00
6.918444701303898547e+00
6.918448847516327938e+00
6.918449126747987066e+00
6.918449248466017387e+00
6.918456363004683141e+00
6.999656198892913572e+00
6.999660313565223113e+00
6.999661744020206022e+00
6.999664097783550254e+00
6.999664609950965399e+00
7.004341913334899417e+00
7.004342546435032624e+00
7.004342696820309300e+00
7.004343550347883252e+00
7.004343707086338355e+00
7.079316582100280364e+00
7.079320952605553607e+00
7.079322249940314116e+00
7.079324003236466822e+00
7.079324815665685833e+00
7.131536456521834211e+00
7.131541833145199405e+00
7.131543807079922637e+00
7.131543936806392203e+00
7.131544937262892958e+00
7.140217192172798377e+00
7.140217753731324279e+00
7.140224475105807045e+00
7.140226392083096840e+00
7.140228016121054289e+00
7.160736119778468023e+00
7.160736995484472622e+00
7.160738254747201381e+00
7.160738819514365971e+00
7.160739334586897265e+00
7.169035731163571512e+00
7.169037413453775542e+00
7.169037435681307358e+00
7.169038191542852267e+00
7.169040293609738157e+00
7.186669841734765640e+00
7.186672907743888672e+00
7.186677304304124547e+00
7.186677686587871428e+00
7.186679039013778691e+00
7.203782649254487858e+00
7.203783938743582027e+00
7.203788045438315635e+00
7.203788299034057374e+00
7.203788878416690800e+00
7.316734688664062958e+00
7.316736127242803533e+00
7.316737372859572375e+00
7.316739190636768697e+00
7.316745395666027107e+00
7.340519849097883132e+00
7.340522171875786483e+00
7.340523146275066857e+00
7.340523169917795521e+00
7.340525651572916921e+00
7.355146566942088349e+00
7.355149598628161201e+00
7.355150160968843664e+00
7.355153213999011896e+00
7.355156640840493587e+00
7.359914572805855038e+00
7.359916925584147229e+00
7.359919048698838395e+00
7.359919510707980450e+00
7.359924746585389421e+00
7.364814613512005614e+00
7.364815840094034449e+00
7.364816823343266705e+00
7.364819014436132072e+00
7.364820278452149260e+00
7.381535863937802588e+00
7.381538003824135608e+00
7.381538610601451111e+00
7.381539004875609322e+00
7.381540250611656973e+00
7.412990320106994879e+00
7.412992451587954612e+00
7.412994983716095554e+00
7.412996288519238419e+00
7.412996766949247807e+00
7.470770240483907365e+00
7.470772068307264924e+00
7.470774353171163007e+00
7.470774630344567235e+00
7.470776589786366273e+00
7.510376644842787996e+00
7.510377627915922005e+00
7.510381614685102569e+00
7.510382351558408054e+00
7.510387302083694649e+00
7.556453188341737182e+00
7.556454017943866397e+00
7.556454834934171139e+00
7.556457541837974468e+00
7.556459460091081937e+00
7.630027905178328851e+00
7.630029292512578998e+00
7.630032742583743754e+00
7.630033366486677515e+00
7.630035585460922753e+00
7.686312153861564411e+00
7.686314548858899975e+00
7.686315007700373236e+00
7.686318072425834202e+00
7.686318609022136705e+00
7.697066308380096977e+00
7.697066935748967609e+00
7.697067572562943383e+00
7.697069942621022065e+00
7.697071996584156750e+00
7.718452586924403391e+00
7.718456336761904346e+00
7.718458649011471273e+00
7.718464864861405594e+00
7.718466599817610074e+00
7.719882887738648058e+00
7.719884116157444076e+00
7.719885282858807152e+00
7.719889203097412889e+00
7.719890503400939075e+00
7.809390970581508107e+00
7.809394787363485690e+00
7.809395184846262161e+00
7.809396752752417292e+00
7.809401244487313321e+00
7.813503407371112708e+00
7.813504773902681499e+00
7.813507874789658025e+00
7.813508593999241469e+00
7.813512452015419996e+00
7.842262090933966867e+00
7.842262807946442038e+00
7.842264417462598836e+00
7.842265426807487394e+00
7.842268074568734981e+00
7.848961019523539306e+00
7.848961821884470780e+00
7.848961980090106039e+00
7.848963707038018711e+00
7.848966233109937463e+00
7.859207127726053344e+00
7.859210782012402419e+00
7.859211176829389522e+00
7.859213401664317367e+00
7.859214333239678218e+00
7.947870050428605282e+00
7.947870870100998353e+00
7.947871962160689030e+00
7.947875780999600792e+00
7.947880161332329330e+00
8.005676253890111838e+00
8.005681454242354889e+00
8.005683607088153408e+00
8.005685146232019989e+00
8.005685161483683032e+00
8.045206665400211676e+00
8.045207066110853233e+00
8.045207951488885456e+00
8.045207991462993036e+00
8.045208346655790876e+00
8.052545783551932956e+00
8.052546918962967482e+00
8.052547328026083306e+00
8.052549437172055846e+00
8.052555362032601138e+00
8.085347271663723134e+00
8.085349804102479609e+00
8.085351226965963534e+00
8.085351266191223019e+00
8.085351316801268950e+00
8.121168543928884986e+00
8.121173680558740671e+00
8.121173755615625822e+00
8.121175011055974835e+00
8.121180403445055873e+00
8.133386821921112286e+00
8.133388735072239584e+00
8.133389791901036503e+00
8.133389795681749135e+00
8.133390246158118231e+00
8.138911483865639340e+00
8.138912451648561586e+00
8.138912884366067857e+00
8.138912885121698082e+00
8.138913583943498509e+00
8.159327997488519557e+00
8.159332334762446237e+00
8.159334250164040014e+00
8.159336066770384477e+00
8.159340468628577980e+00
8.172314861861357471e+00
8.172316453570553918e+00
8.172319571926932369e+00
8.172321843986566137e+00
8.172324615003983439e+00
8.174951162967275309e+00
8.174955074518759801e+00
8.174955593084282768e+00
8.174956175252562574e+00
8.174958866061651008e+00
8.182469748981660018e+00
8.182472937064931173e+00
8.182474404781233446e+00
8.182474583895753995e+00
8.182475401081264366e+00
8.203145822280621502e+00
8.203146683206389511e+00
8.203147086027410495e+00
8.203149431127046753e+00
8.203149783887893065e+00
8.207237394720587886e+00
8.207237995281969845e+00
8.207238555720188344e+00
8.207238731784277874e+00
8.207239555959116473e+00
8.284507304909569214e+00
8.284510298014000185e+00
8.284512478601261165e+00
8.284512990810020128e+00
8.284513475841535524e+00
8.336512733541525222e+00
8.336512751252769249e+00
8.336514831558808680e+00
8.336520027043658132e+00
8.336522317567441220e+00
8.343856113782164741e+00
8.343857369808043600e+00
8.343857734010091676e+00
8.343858564159631896e+00
8.343867092266032515e+00
8.375040381741451156e+00
8.375040622146260105e+00
8.375040879500231128e+00
8.375041024150270630e+00
8.375041509658325722e+00
8.380210240155076207e+00
8.380211280254215467e+00
8.380211299346813192e+00
8.380212348061355954e+00
8.380214592890805392e+00
8.412889069719152957e+00
8.412889838396791831e+00
8.412891223229976845e+00
8.412893090405939134e+00
8.412897465659497698e+00
8.418597802300572752e+00
8.418601748847606814e+00
8.418604352961361670e+00
8.418606008265264506e+00
8.418609563989768674e+00
8.418670203553528353e+00
8.418671172406011038e+00
8.418671784664134350e+00
8.418675250358573336e+00
8.418677324906806092e+00
8.418892475320015834e+00
8.418893500864587764e+00
8.418894236661961017e+00
8.418899401204409827e+00
8.418900566778301453e+00
8.419104882254407229e+00
8.419109406439615029e+00
8.419111844927588351e+00
8.419112878997406568e+00
8.419113047322740684e+00
8.431509986716495320e+00
8.431511155338643704e+00
8.431513179518846712e+00
8.431516007581318917e+00
8.431516971180215592e+00
8.441053667279932782e+00
8.441057779881617762e+00
8.441058779951719160e+00
8.441059069625090672e+00
8.441061530761400533e+00
8.456916409549050329e+00
8.456917429974115663e+00
8.456918923230846374e+00
8.456919881239269188e+00
8.456926710034798234e+00
8.520036545942746287e+00
8.520039518370790432e+00
8.520040148367847621e+00
8.520041135264547094e+00
8.520042134643466269e+00
8.522421599727392660e+00
8.522422293280239813e+00
8.522422994371964933e+00
8.522423681236459103e+00
8.522427183443692655e+00
8.544434245805861750e+00
8.544439415227893519e+00
8.544443804321028679e+00
8.544445441296936394e+00
8.544446640877337629e+00
8.551958958209516126e+00
8.551967094090105803e+00
8.551967474470421493e+00
8.551971369158108516e+00
8.551972770431392590e+00
8.553541338825692009e+00
8.553543286299545301e+00
8.553545325056738591e+00
8.553546469891889714e+00
8.553551429254399707e+00
8.564612223994732432e+00
8.564612883545875022e+00
8.564613103818524920e+00
8.564613932419836928e+00
8.564614166096449210e+00
8.597696316868839617e+00
8.597697103974994093e+00
8.597697192283522583e+00
8.597701004030087191e+00
8.597705513251776566e+00
8.599390773822294776e+00
8.599398320568711895e+00
8.599399734911731485e+00
8.599400870275788478e+00
8.599405051862598626e+00
8.668552101983353353e+00
8.668553654705034361e+00
8.668553690443406623e+00
8.668554616710908434e+00
8.668557284283238573e+00
8.679563917761075942e+00
8.679564163533790122e+00
8.679566051479763900e+00
8.679572707460893710e+00
8.679575934738977594e+00
8.688265129270630993e+00
8.688266189804499717e+00
8.688266310472993581e+00
8.688267322608115961e+00
8.688268618205816196e+00
8.730068406805299830e+00
8.730069343693669381e+00
8.730070529760913800e+00
8.730074702372252915e+00
8.730074986648167723e+00
8.756086802641918965e+00
8.756087597740213724e+00
8.756089291081950776e+00
8.756090418794224561e+00
8.756096496059187828e+00
8.798377728911164652e+00
8.798379394695366784e+00
8.798380627149519739e+00
8.798386814785992271e+00
8.798387671937399901e+00
8.823891287226967250e+00
8.823893529128737256e+00
8.823894309147179982e+00
8.823895268717777185e+00
8.823896717465588679e+00
8.839948394560909861e+00
8.839950739059579732e+00
8.839952729149629818e+00
8.839952791214443550e+00
8.839961179756391729e+00
8.854679483758856051e+00
8.854680677506104658e+00
8.854685179925935401e+00
8.854687515892360139e+00
8.854690204338037773e+00
8.856248737597651299e+00
8.856250562687350225e+00
8.856250842162275205e+00
8.856251344412035209e+00
8.856251430063398544e+00
8.862218566521590901e+00
8.862221280153187664e+00
8.862221493079486478e+00
8.862222474103209180e+00
8.862225905679679272e+00
8.870128797294885459e+00
8.870134485705388983e+00
8.870137909671980125e+00
8.870140537268843772e+00
8.870141722638935633e+00
8.880356230585572774e+00
8.880358523105920554e+00
8.880360046647883365e+00
8.880362105111480275e+00
8.880364060425677053e+00
8.900373608955973737e+00
8.900377642038566961e+00
8.900380267505427767e+00
8.900380348563762922e+00
8.900380696234291733e+00
8.958341433144864752e+00
8.958343358506638765e+00
8.958343626173311591e+00
8.958344884218290005e+00
8.958347662041253656e+00
8.959857742285866067e+00
8.959859648733344173e+00
8.959863944022810500e+00
8.959864978949180880e+00
8.959866893548140254e+00
8.986126604394131689e+00
8.986128161577710216e+00
8.986132630659309228e+00
8.986133781170854817e+00
8.986138090893106778e+00
8.988207857153726721e+00
8.988209287344171017e+00
8.988209505986160863e+00
8.988209917936941906e+00
8.988211716231434778e+00
8.997708062579047095e+00
8.997709144093288813e+00
8.997711108504207189e+00
8.997713844116182358e+00
8.997721961980154504e+00
9.006725863814219579e+00
9.006728447116632452e+00
9.006729723989723269e+00
9.006733562024580309e+00
9.006733866557842916e+00
9.014463731809009062e+00
9.014464106678778066e+00
9.014464109834817052e+00
9.014464807746493946e+00
9.014466828165712542e+00
9.024979190607586688e+00
9.024979708569986769e+00
9.024980996606030814e+00
9.024981920037291161e+00
9.024984623471665302e+00
9.031884671922025376e+00
9.031887598088232494e+00
9.031887906484447726e+00
9.031888044091335388e+00
9.031890993258278044e+00
9.049868211620543335e+00
9.049870216975490322e+00
9.049871512485688996e+00
9.049872773254882929e+00
9.049876250501991848e+00
9.055408973944798490e+00
9.055410017492304675e+00
9.055415290471222178e+00
9.055415844973659034e+00
9.055420414111098992e+00
9.099664046293137076e+00
9.099669340954099184e+00
9.099670937402079218e+00
9.099671535489617824e+00
9.099674686635781384e+00
9.115703363674137805e+00
9.115704521253416459e+00
9.115705048519286535e+00
9.115706106171918677e+00
9.115708421192508126e+00
9.127067819064347276e+00
9.127072013400573169e+00
9.127075884438564657e+00
9.127076126345173179e+00
9.127080506788576741e+00
9.153703851108579315e+00
9.153704131798232169e+00
9.153705684683117738e+00
9.153705954819612245e+00
9.153707554013292835e+00
9.158715784846695129e+00
9.158717663652483409e+00
9.158719986046085282e+00
9.158722730735984641e+00
9.158725440938821905e+00
9.168228604032515605e+00
9.168233670075167652e+00
9.168234063973280001e+00
9.168234818578763878e+00
9.168236968201684434e+00
9.177942080150648607e+00
9.177942563575999912e+00
9.177945021479480658e+00
9.177946602432376366e+00
9.177953073131286388e+00
9.238435785586215587e+00
9.238436724603356964e+00
9.238437628912151922e+00
9.238437949723968146e+00
9.238438472496312670e+00
9.241521160290657733e+00
9.241522098301773624e+00
9.241523660923018468e+00
9.241526694540249665e+00
9.241527601706332362e+00
9.249077799770093478e+00
9.249078408733488743e+00
9.249082023368588423e+00
9.249084319661056597e+00
9.249085419964506727e+00
9.255683004727419672e+00
9.255688155917958682e+00
9.255689884508880638e+00
9.255690422178130206e+00
9.255691244942218177e+00
9.265302818710244637e+00
9.265303861827737464e+00
9.265305487122374117e+00
9.265309552049515673e+00
9.265311853969082634e+00
9.302801472131928762e+00
9.302803016865400565e+00
9.302803543668971997e+00
9.302804002982110632e+00
9.302806427084247431e+00
9.303162816945643954e+00
9.303165426525533022e+00
9.303166314174974971e+00
9.303167110081382418e+00
9.303170345516630135e+00
9.364992588769093018e+00
9.364995090420496382e+00
9.364997192610363896e+00
9.364998374698204842e+00
9.365001693806574323e+00
9.381516890359469230e+00
9.381520695777417984e+00
9.381521670907124744e+00
9.381523753788613362e+00
9.381526612103169072e+00
9.382140222118831474e+00
9.382146270582227388e+00
9.382147767020086349e+00
9.382149552384039026e+00
9.382152430556647715e+00
9.382899029537727031e+00
9.382900733664403248e+00
9.382906271134759280e+00
9.382907286092089905e+00
9.382908302445462922e+00
9.392918503202293934e+00
9.392918566052832929e+00
9.392919225661424676e+00
9.392919313514834556e+00
9.392919703824791355e+00
9.394821938440346187e+00
9.394824537824002064e+00
9.394828714654675395e+00
9.394829999542301024e+00
9.394832679558481559e+00
9.421072737719415002e+00
9.421075592653950892e+00
9.421075612572058944e+00
9.421077332821338857e+00
9.421078038069740757e+00
9.430602072921960399e+00
9.430604347940803933e+00
9.430606657416053196e+00
9.430609426823910013e+00
9.430609869573654436e+00
9.433341247585607547e+00
9.433344824975920417e+00
9.433345126014419435e+00
9.433345823858044099e+00
9.433348047591586294e+00
9.475288216476583258e+00
9.475291478582597904e+00
9.475291489869851702e+00
9.475293060486308150e+00
9.475296280037897034e+00
9.479685272286205944e+00
9.479687937543092247e+00
9.479690070440065952e+00
9.479691499853778680e+00
9.479692466177370491e+00
9.497643604315756605e+00
9.497646078839746764e+00
9.497647959884595537e+00
9.497651407026896919e+00
9.497652648323164470e+00
9.538547935702792913e+00
9.538549044943890109e+00
9.538550521190312992e+00
9.538550678064250832e+00
9.538551050783341978e+00
9.540801920027476513e+00
9.540802586831990340e+00
9.540803805282864758e+00
9.540804191267106660e+00
9.540804205437819263e+00
9.552426258694699968e+00
9.552428951832096615e+00
9.552430441411233986e+00
9.552431767906014670e+00
9.552434983102475741e+00
9.552654608798540892e+00
9.552656466528040013e+00
9.552657279286218994e+00
9.552657481025894626e+00
9.552660159866464440e+00
9.568416923922159256e+00
9.568418734263254066e+00
9.568419388655579283e+00
9.568420399742059601e+00
9.568423677649311898e+00
9.577150478602703743e+00
9.577153354880559633e+00
9.577155390667940082e+00
9.577156428345524830e+00
9.577157779487608380e+00
9.588905246283331962e+00
9.588906017528799453e+00
9.588907393493796505e+00
9.588910572353880113e+00
9.588911697841419723e+00
9.615004497040029463e+00
9.615006082884191230e+00
9.615006995083259511e+00
9.615007087579291678e+00
9.615008096252440239e+00
9.630161539050110520e+00
9.630162694233156628e+00
9.630164251584705681e+00
9.630165295850325435e+00
9.630167266719722008e+00
9.692033071069246830e+00
9.692033997727206085e+00
9.692034255108676888e+00
9.692035411336464179e+00
9.692036373487256995e+00
9.702499093862364532e+00
9.702500146688997518e+00
9.702505337664081964e+00
9.702507363114959205e+00
9.702507849210947555e+00
9.702733493907786055e+00
9.702734721128882356e+00
9.702739339820480424e+00
9.702741048971676108e+00
9.702743782709095655e+00
9.722542876938110368e+00
9.722547066211610911e+00
9.722547233035179204e+00
9.722548092856110102e+00
9.722550909154447751e+00
9.743040903552648402e+00
9.743041559271929941e+00
9.743042364590230875e+00
9.743043325835104795e+00
9.743047730002148299e+00
9.759841241500808451e+00
9.759841286373461600e+00
9.759843400736510688e+00
9.759845140354432402e+00
9.759847506416276630e+00
9.764994308170384940e+00
9.764997883671046708e+00
9.765001585365975956e+00
9.765004314622702353e+00
9.765011131616800455e+00
9.778544891613474732e+00
9.778547178543446350e+00
9.778552957846065041e+00
9.778553119521312453e+00
9.778556339951208543e+00
9.788144025110174340e+00
9.788145862199847613e+00
9.788146531545182327e+00
9.788147370008278614e+00
9.788148307141652182e+00
9.831938276392909515e+00
9.831939274832812714e+00
9.831939801656638167e+00
9.831940459176916391e+00
9.831940582738484480e+00
9.838218232251202622e+00
9.838218468543987072e+00
9.838221214620048727e+00
9.838223744192850617e+00
9.838227395872692682e+00
9.843903895477646770e+00
9.843905922112421436e+00
9.843907067978648229e+00
9.843907522650747310e+00
9.843910021988213188e+00
9.848746745733693686e+00
9.848747774422900392e+00
9.848748593125929318e+00
9.848748987505976160e+00
9.848752662347653342e+00
9.879617225606466491e+00
9.879618697586462162e+00
9.879624697127923127e+00
9.879626208015158895e+00
9.879627694265607829e+00
9.945539230956761401e+00
9.945539527506790378e+00
9.945540035865322537e+00
9.945541469311763194e+00
9.945543197754460607e+00
9.986576743894776342e+00
9.986577415010609471e+00
9.986581944674565392e+00
9.986583594202775416e+00
9.986584674897619252e+00
1.001858270917099425e+01
1.001858445808588449e+01
1.001858459705761106e+01
1.001858579825017159e+01
1.001858938244801145e+01
1.002293661347311904e+01
1.002293703788465429e+01
1.002293781623930791e+01
1.002293803004887351e+01
1.002294630098854711e+01
1.007790995809647150e+01
1.007791213812662612e+01
1.007791903310896764e+01
1.007792009444905368e+01
1.007792031189967297e+01
1.008791004179260220e+01
1.008791073454260889e+01
1.008791172381083001e+01
1.008791207785833244e+01
1.008791326333647653e+01
1.009518871796857553e+01
1.009519190444144066e+01
1.009519593185788544e+01
1.009519662861996991e+01
1.009519900963819516e+01
1.010922157107064301e+01
1.010922190196654036e+01
1.010922280602223111e+01
1.010922468869893009e+01
1.010922495782935826e+01
1.012557140315054127e+01
1.012557243665265538e+01
1.012557315382195888e+01
1.012557426737367727e+01
1.012557576451828290e+01
1.013902527852159885e+01
1.013902869958459085e+01
1.013903433765760553e+01
1.013903637516899359e+01
1.013903800867222316e+01
1.015923472821648943e+01
1.015923629314723620e+01
1.015923903587271582e+01
1.015923957956007762e+01
1.015924696423903306e+01
1.016084488765082838e+01
1.016084622831681372e+01
1.016084795661267748e+01
1.016084796015076819e+01
1.016084808092808700e+01
1.016109202873884065e+01
1.016109321245504482e+01
1.016109382633090341e+01
1.016109480259878239e+01
1.016109683978063494e+01
1.018262349037810566e+01
1.018262403059250687e+01
1.018262412079518953e+01
1.018262413958700563e+01
1.018262653413646390e+01
1.019861053389627159e+01
1.019861127840943027e+01
1.019861158007304525e+01
1.019861494467263618e+01
1.019861995766093976e+01
1.019903280640374987e+01
1.019903368443304892e+01
1.019903476557463051e+01
1.019903645198898090e+01
1.019903685423775563e+01
1.022510329729729328e+01
1.022510579763358685e+01
1.022510629639125135e+01
1.022511040664109316e+01
1.022511081814275435e+01
1.025486478987412120e+01
1.025486734087282059e+01
1.025486747571122947e+01
1.025487047540825714e+01
1.025487332260130913e+01
1.026406917977952915e+01
1.026406992829355147e+01
1.026407608360343460e+01
1.026407633267114861e+01
1.026408048807588003e+01
1.035640089533521113e+01
1.035640201497604984e+01
1.035640352766345273e+01
1.035640466884140132e+01
1.035640632637113256e+01
1.036406854259947430e+01
1.036407145182336187e+01
1.036407332927068659e+01
1.036407337222676972e+01
1.036407411007852630e+01
1.038922734317138818e+01
1.038923093701357558e+01
1.038923094420852777e+01
1.038923163009661721e+01
1.038924169007055198e+01
1.040172089670262245e+01
1.040172167323275332e+01
1.040172293775411028e+01
1.040172759279438175e+01
1.040172913361043072e+01
1.042109954890557688e+01
1.042109967821054894e+01
1.042110000002398884e+01
1.042110034150424980e+01
1.042110064425058624e+01
1.043701597593392627e+01
1.043701648011537841e+01
1.043701926442123629e+01
1.043701947177449618e+01
1.043702075358193326e+01
1.043874903000354770e+01
1.043875338926540763e+01
1.043875433567626487e+01
1.043875640149246919e+01
1.043875887175769712e+01
1.043922110970449779e+01
1.043922137195107069e+01
1.043922207870873820e+01
1.043922265877110256e+01
1.043922288845774204e+01
1.044822677962629243e+01
1.044822839632633560e+01
1.044822857307878827e+01
1.044823169879477653e+01
1.044823269668607679e+01
1.046618857863262519e+01
1.046619103842940568e+01
1.046619413419223754e+01
1.046619437383522033e+01
1.046619516495369062e+01
1.047001628029297571e+01
1.047001683189191468e+01
1.047001752323270907e+01
1.047001781542419430e+01
1.047001832692760814e+01
1.047616680525372246e+01
1.047616709882960961e+01
1.047616811580932783e+01
1.047616830913860397e+01
1.047616854095999983e+01
1.048728995285722121e+01
1.048729000400484601e+01
1.048729015554542521e+01
1.048729444062194638e+01
1.048730039879663067e+01
1.049057537436340937e+01
1.049057935035525269e+01
1.049058023054969091e+01
1.049058148058533568e+01
1.049058532653445397e+01
1.051201710914227938e+01
1.051201993327638284e+01
1.051202004195197404e+01
1.051202059296879554e+01
1.051202496644675932e+01
1.053207911930498142e+01
1.053208320727670788e+01
1.053208333027231447e+01
1.053208847723470143e+01
1.053208906802919032e+01
1.058629626034525728e+01
1.058629888819033837e+01
1.058630049754398428e+01
1.058630185987061267e+01
1.058630372890368321e+01
1.058988908804053608e+01
1.058988987717058272e+01
1.058989022734419017e+01
1.058989217401669336e+01
1.058989344940259514e+01
1.060197991860954225e+01
1.060198015562659180e+01
1.060198102817581933e+01
1.060198131114180065e+01
1.060199282405906906e+01
1.060244570897205918e+01
1.060244878529955415e+01
1.060245149963441236e+01
1.060245155257028316e+01
1.060245333294139058e+01
1.061388381995016950e+01
1.061388616827031939e+01
1.061388658252480077e+01
1.061388713975233422e+01
1.061388774539282487e+01
1.062278381052255050e+01
1.062278388559703224e+01
1.062278549106118319e+01
1.062278575085650445e+01
1.062278959438621406e+01
1.062379293475263431e+01
1.062379411703747323e+01
1.062380038485757616e+01
1.062380101224133355e+01
1.062380753370466557e+01
1.062719133868869470e+01
1.062719278348708585e+01
1.062719334184242648e+01
1.062719465383974260e+01
1.062719466624188591e+01
1.063182154594404416e+01
1.063182332316522150e+01
1.063182531553260546e+01
1.063182847572796241e+01
1.063183316888014396e+01
1.063471043033142571e+01
1.063471149702708196e+01
1.063471181211319916e+01
1.063471375130520258e+01
1.063471475868064964e+01
1.064128755835965556e+01
1.064128765205602178e+01
1.064129291928851906e+01
1.064129548902763922e+01
1.064129616341919160e+01
1.065130463290295637e+01
1.065130565689014475e+01
1.065130856575848028e+01
1.065131094664877587e+01
1.065131300571436590e+01
1.066796799705080012e+01
1.066796871865023988e+01
1.066797479989993214e+01
1.066797648363549911e+01
1.066797772465334759e+01
1.067466988500815361e+01
1.067467265559932699e+01
1.067467475060949944e+01
1.067467535140530543e+01
1.067467794692186445e+01
1.068055324565633235e+01
1.068055334876428475e+01
1.068055496795461501e+01
1.068055497065110337e+01
1.068055597670364776e+01
1.068821807087598685e+01
1.068822043619048934e+01
1.068822172319605457e+01
1.068822217364983551e+01
1.068822700710927087e+01
1.070107181427168896e+01
1.070107221942735976e+01
1.070107278358109326e+01
1.070107311300600372e+01
1.070107418990261827e+01
1.071239303641347895e+01
1.071239316396200891e+01
1.071239381040017413e+01
1.071239452629056110e+01
1.071239794784995780e+01
1.071926288776425018e+01
1.071926340357395979e+01
1.071926568137948443e+01
1.071926870581197733e+01
1.071927234284585140e+01
1.072976386707554752e+01
1.072976688628415687e+01
1.072976876509461519e+01
1.072976918433943005e+01
1.072977121374449538e+01
1.073636411862973183e+01
1.073636653478261316e+01
1.073636985967324087e+01
1.073637217680627920e+01
1.073637272345274063e+01
1.073638155187305188e+01
1.073638421418030298e+01
1.073638646286542553e+01
1.073638784352539943e+01
1.073639048381717487e+01
1.074257093153217113e+01
1.074257411410784790e+01
1.074257452205475616e+01
1.074257537933060114e+01
1.074257541319585130e+01
1.075412415150113432e+01
1.075412727914729416e+01
1.075412917927341816e+01
1.075412931339864464e+01
1.075413608755719608e+01
1.079246137959733609e+01
1.079246276099204138e+01
1.079246665872079447e+01
1.079246719138863142e+01
1.079247181040562253e+01
1.079313339954621220e+01
1.079313466952024925e+01
1.079313543229213757e+01
1.079314124160802280e+01
1.079314158142104674e+01
1.082916201916842702e+01
1.082916317532430561e+01
1.082916528809584733e+01
1.082916755327943115e+01
1.082917389406043185e+01
1.083011666349444191e+01
1.083011756665642089e+01
1.083011838463920107e+01
1.083011944551397754e+01
1.083012361351891428e+01
1.089258661294460495e+01
1.089259009865422279e+01
1.089259031426409585e+01
1.089259130332631287e+01
1.089259341947545856e+01
1.089645108987784106e+01
1.089645201371987859e+01
1.089645220714522367e+01
1.089645260293459117e+01
1.089645642389304392e+01
1.093953363995924555e+01
1.093953428660470806e+01
1.093953853568787515e+01
1.093953990576386026e+01
1.093954001013753796e+01
1.094106585050560732e+01
1.094106776837617367e+01
1.094107237644464270e+01
1.094107338055549228e+01
1.094107483174756545e+01
1.099799449749362346e+01
1.099799468348207476e+01
1.099799814405330878e+01
1.099800302192175394e+01
1.099800560306276687e+01
1.100068793842457637e+01
1.100068818265930126e+01
1.100068823492875936e+01
1.100069118354387854e+01
1.100069235447478455e+01
1.102847623159700241e+01
1.102847673176128218e+01
1.102847758257231092e+01
1.102847813028615498e+01
1.102847823205903666e+01
1.103932237318034026e+01
1.103932612345971087e+01
1.103932667520533251e+01
1.103932778676763604e+01
1.103933258450890165e+01
1.105483711033771854e+01
1.105483763309981882e+01
1.105484109052680886e+01
1.105484275329595256e+01
1.105484343949293802e+01
1.105738544594968786e+01
1.105738667563904976e+01
1.105738713209861324e+01
1.105738768837377783e+01
1.105739195084446536e+01
1.108376302632819943e+01
1.108376516806901790e+01
1.108376652320861488e+01
1.108376655644641318e+01
1.108377274979056892e+01
1.108495631898024314e+01
1.108495745661209142e+01
1.108495836102689225e+01
1.108495897695611809e+01
1.108496109491142967e+01
1.111695622966106534e+01
1.111695674983941018e+01
1.111695703605082741e+01
1.111696062021900033e+01
1.111696345197284508e+01
1.119214082190266346e+01
1.119214379409056725e+01
1.119214476502605038e+01
1.119214608432627678e+01
1.119214783881985831e+01
1.124238338620863864e+01
1.124238439410875223e+01
1.124238514706732595e+01
1.124238672578025344e+01
1.124238979379829217e+01
1.127541563445445583e+01
1.127541771177458507e+01
1.127541906291291696e+01
1.127541945794479261e+01
1.127542044453332082e+01
1.128194984638736997e+01
1.128195434291860799e+01
1.128195726423389544e+01
1.128195778276979766e+01
1.128196253439090313e+01
1.128740987669890572e+01
1.128741084332009237e+01
1.128741172860279818e+01
1.128741365271513430e+01
1.128741371756169798e+01
1.129930429116766533e+01
1.129930442104291721e+01
1.129930478711854214e+01
1.129930531446955833e+01
1.129930813616479846e+01
1.132098453267206040e+01
1.132098535500333547e+01
1.132098549177588254e+01
1.132098741178524648e+01
1.132098748722036241e+01
1.133395026950886120e+01
1.133395068421422103e+01
1.133395446481941526e+01
1.133395795612459622e+01
1.133396328390471020e+01
1.133753438628082044e+01
1.133753575810017011e+01
1.133753669927908092e+01
1.133754094920940148e+01
1.133754413169359943e+01
1.134896239199425594e+01
1.134896397242056487e+01
1.134896488200575959e+01
1.134897101203893222e+01
1.134897506136126744e+01
1.136644860130463286e+01
1.136645067533396869e+01
1.136645428052213447e+01
1.136645459040328809e+01
1.136646110592914383e+01
1.136698163454573418e+01
1.136698199953708155e+01
1.136698447808388757e+01
1.136698471856543158e+01
1.136698496704821082e+01
1.138693141346693061e+01
1.138693141714219514e+01
1.138693184171223471e+01
1.138693544608908326e+01
1.138693589746161727e+01
1.138971527198990330e+01
1.138971612872331463e+01
1.138971899999732251e+01
1.138972355227728883e+01
1.138972419238499612e+01
1.139729891326010680e+01
1.139729901974147452e+01
1.139730071368216535e+01
1.139730093246642362e+01
1.139730378203985595e+01
1.140488367615382614e+01
1.140488431719059470e+01
1.140488477678314716e+01
1.140488608401679649e+01
1.140489066199672052e+01
1.141618214995276048e+01
1.141618329615901040e+01
1.141618343381885303e+01
1.141618515647411947e+01
1.141618527220892609e+01
1.145206638650859432e+01
1.145206708161893339e+01
1.145206780903344068e+01
1.145206797566710222e+01
1.145207120175647475e+01
1.146843713201149484e+01
1.146843799790538299e+01
1.146843956559478883e+01
1.146843985736944127e+01
1.146844397407076244e+01
1.150046901554019207e+01
1.150046950341159047e+01
1.150047030709613871e+01
1.150047316082255833e+01
1.150047341140789747e+01
1.150663931539526530e+01
1.150664174085123648e+01
1.150664203940489294e+01
1.150664208548262835e+01
1.150664473473914029e+01
1.151026057693308680e+01
1.151026202772117557e+01
1.151026410057128047e+01
1.151026471107419802e+01
1.151026486350335887e+01
1.151243593699439671e+01
1.151243934464368479e+01
1.151243965156387006e+01
1.151244099336886961e+01
1.151244491726236241e+01
1.151390863815585419e+01
1.151391136632986267e+01
1.151391160937498270e+01
1.151391271027360119e+01
1.151391384670738205e+01
1.151526139890015621e+01
1.151526393679710658e+01
1.151526396363105675e+01
1.151526699272318233e+01
1.151526805724035185e+01
1.153554391401203105e+01
1.153554528083523323e+01
1.153554533832276263e+01
1.153554539124180423e+01
1.153554577778182200e+01
1.157619188543883837e+01
1.157619254478777471e+01
1.157619472559528084e+01
1.157619579281985089e+01
1.157619747034405222e+01
1.157911941973136472e+01
1.157911944391714165e+01
1.157912150868536472e+01
1.157912164372151409e+01
1.157912514609372323e+01
1.158386952574138817e+01
1.158387219168961479e+01
1.158387382409701516e+01
1.158387511991561603e+01
1.158387968005106572e+01
1.158671127467151329e+01
1.158671142488238459e+01
1.158671222410395529e+01
1.158671313813369608e+01
1.158671557377240369e+01
1.158817366707972596e+01
1.158817918834965255e+01
1.158818016581119537e+01
1.158818405799631890e+01
1.158818573793585749e+01
1.159853565154239696e+01
1.159853605995601633e+01
1.159853809122942891e+01
1.159853827625274469e+01
1.159854081461111974e+01
1.160302276116443743e+01
1.160302455094791263e+01
1.160302528192970861e+01
1.160302576956114606e+01
1.160302584074947241e+01
1.163459497697277101e+01
1.163459510537001940e+01
1.163459753474094249e+01
1.163459918468186949e+01
1.163460012028346569e+01
1.164166831663314561e+01
1.164166879231667551e+01
1.164167385458809179e+01
1.164167472381873480e+01
1.164167613498159426e+01
1.167593461852626113e+01
1.167594009222811913e+01
1.167594090634669080e+01
1.167594259616327612e+01
1.167594431177624337e+01
1.169557709499621012e+01
1.169558233011935222e+01
1.169558341803434942e+01
1.169558872548962469e+01
1.169559160180877733e+01
1.170334767701105250e+01
1.170334928717843503e+01
1.170334979929250885e+01
1.170335245099027155e+01
1.170335287741935915e+01
1.171304784595794146e+01
1.171304866031896985e+01
1.171305006717294006e+01
1.171305193558877811e+01
1.171305523346492272e+01
1.171656003368736165e+01
1.171656160833031990e+01
1.171656277939054824e+01
1.171656430462872400e+01
1.171656572845899902e+01
1.174483026115745865e+01
1.174483305731929050e+01
1.174483412467796306e+01
1.174483549907362523e+01
1.174484358752384594e+01
1.178273158613485450e+01
1.178273251082701911e+01
1.178273513593936350e+01
1.178273586680954210e+01
1.178273925138802625e+01
1.181878173410440702e+01
1.181878192223293311e+01
1.181878339370850739e+01
1.181878354569961687e+01
1.181878453515419736e+01
1.183413681670530693e+01
1.183413869151447884e+01
1.183413950217336286e+01
1.183413957386425253e+01
1.183414103399566564e+01
1.187644516088463220e+01
1.187644535562303716e+01
1.187644709728460768e+01
1.187644800143123547e+01
1.187644915517260102e+01
1.188379702301415186e+01
1.188379838784721265e+01
1.188379943686782347e+01
1.188379978832949035e+01
1.188380162625159286e+01
1.190382564631639895e+01
1.190382861346298071e+01
1.190382922953366318e+01
1.190383094242773687e+01
1.190383538665584950e+01
1.192182168276727694e+01
1.192182326871607323e+01
1.192182411739495329e+01
1.192182468836041842e+01
1.192182704033236540e+01
1.197308216897386934e+01
1.197308419843859717e+01
1.197308435315645880e+01
1.197308511732043179e+01
1.197308722262140712e+01
1.201248979879691703e+01
1.201249270373972067e+01
1.201249592653000775e+01
1.201249676950632939e+01
1.201249678792048670e+01
1.204898822144830461e+01
1.204898960007850661e+01
1.204899059017393270e+01
1.204899188016989342e+01
1.204899589109814428e+01
1.208539365138347499e+01
1.208539474114933654e+01
1.208539587520409064e+01
1.208539637281706902e+01
1.208540057341087959e+01
1.210830030719836259e+01
1.210830394910038699e+01
1.210830745411182541e+01
1.210830826991946019e+01
1.210831125246208551e+01
1.214367755663003301e+01
1.214367990054909363e+01
1.214368507563499300e+01
1.214368583177694028e+01
1.214368600854781910e+01
1.215792840879563741e+01
1.215793223776971033e+01
1.215793366978533818e+01
1.215793445254990779e+01
1.215794612277912456e+01
1.217766092354767338e+01
1.217766187576662773e+01
1.217766345805713257e+01
1.217766436228638938e+01
1.217766631729166704e+01
1.224944648873572461e+01
1.224944777820208408e+01
1.224944973033482754e+01
1.224944977762674725e+01
1.224945022003028505e+01
1.232588357607275142e+01
1.232588699528354503e+01
1.232588722844728935e+01
1.232588771315072407e+01
1.232588900379197838e+01
1.234002663422571544e+01
1.234002682326906530e+01
1.234002906600709615e+01
1.234003270140723707e+01
1.234003451075401259e+01
1.236178613486335998e+01
1.236178716775612507e+01
1.236178821904824510e+01
1.236178894510822879e+01
1.236179586772892769e+01
1.236322097927962993e+01
1.236322317281783967e+01
1.236322569128704352e+01
1.236322823402528570e+01
1.236323118519588071e+01
1.239527625433979630e+01
1.239527849333769538e+01
1.239528045418497193e+01
1.239528384293800656e+01
1.239528661728320102e+01
1.240544685942832182e+01
1.240544854810981867e+01
1.240545342535290096e+01
1.240545383399172508e+01
1.240545613928403590e+01
1.242018147475712198e+01
1.242018207384658091e+01
1.242018244360766133e+01
1.242018285614990347e+01
1.242018598531841533e+01
1.243033391701928458e+01
1.243033550207716686e+01
1.243033672874150319e+01
1.243033808851955690e+01
1.243033868772287320e+01
1.243917052484208163e+01
1.243917061391554313e+01
1.243917341167812474e+01
1.243917449142827891e+01
1.243917529131654121e+01
1.244611686336746637e+01
1.244611952937942867e+01
1.244612163092181945e+01
1.244612165970186801e+01
1.244612616662710813e+01
1.245140108631153097e+01
1.245140134167234791e+01
1.245140281338211174e+01
1.245140364306771552e+01
1.245141108985644252e+01
1.245681468482613319e+01
1.245681726347866203e+01
1.245681847998516822e+01
1.245681929601613902e+01
1.245681987334247331e+01
1.247093316204926161e+01
1.247093564667062182e+01
1.247093843263609259e+01
1.247094000007216685e+01
1.247094150714772631e+01
1.252096345574093839e+01
1.252096641377973008e+01
1.252096780826466116e+01
1.252096801285347816e+01
1.252096944184435046e+01
1.253424631669172129e+01
1.253424723760066861e+01
1.253424764051676199e+01
1.253424769389052784e+01
1.253424859869549657e+01
1.253442083187332656e+01
1.253442103581972411e+01
1.253442244335972688e+01
1.253442359821942631e+01
1.253442416346279664e+01
1.257725103125877730e+01
1.257725135851629439e+01
1.257725177613933276e+01
1.257725343557964592e+01
1.257725808513922594e+01
1.258022737238480993e+01
1.258022835125817451e+01
1.258022931910622866e+01
1.258022993176992976e+01
1.258023476809952079e+01
1.262347440438249535e+01
1.262347620340768195e+01
1.262347644805106839e+01
1.262347813206803870e+01
1.262347942520603183e+01
1.263448655490202199e+01
1.263448703143899010e+01
1.263448756705629172e+01
1.263448956655155264e+01
1.263449197551686254e+01
1.263450165669782166e+01
1.263450296178682208e+01
1.263450322527166136e+01
1.263450458013293165e+01
1.263450471457429281e+01
1.271718139401966852e+01
1.271718223230680778e+01
1.271718544057607225e+01
1.271718593633434047e+01
1.271719071564549708e+01
1.273673050739866852e+01
1.273673087307335727e+01
1.273673397736641100e+01
1.273673646577882224e+01
1.273674494718725292e+01
1.382877654751135310e+01
1.382877786401242304e+01
1.382877837428165613e+01
1.382877950496716757e+01
1.382877977742432662e+01
1.390028971123623691e+01
1.390028986625458707e+01
1.390030175917415001e+01
1.390030188341605921e+01
1.390030402332984849e+01
1.390448752278918221e+01
1.390448868516206993e+01
1.390449093155876703e+01
1.390449231076776826e+01
1.390449332471701460e+01
1.393866759766513752e+01
1.393867004213099037e+01
1.393867053767323760e+01
1.393867433029052449e+01
1.393867535932306367e+01
1.400186007326883519e+01
1.400186402032957744e+01
1.400186530564410070e+01
1.400186532309891874e+01
1.400186623002448272e+01
1.400854964416373960e+01
1.400855070595812890e+01
1.400855100734547776e+01
1.400855355080245168e+01
1.400855948506483628e+01
1.406414088931137130e+01
1.406414284686059268e+01
1.406414660076109868e+01
1.406414794739446705e+01
1.406415318291862349e+01
1.406474628708957475e+01
1.406474859070719496e+01
1.406474955754989686e+01
1.406475121907600645e+01
1.406475330520589218e+01
1.407880361950190640e+01
1.407880542890269560e+01
1.407880917692970257e+01
1.407880975375404375e+01
1.407881065815220012e+01
1.414082666192468274e+01
1.414082901970743578e+01
1.414082948283444807e+01
1.414083036207916599e+01
1.414083352624236234e+01
1.416037566890794075e+01
1.416037727913702149e+01
1.416037786362002393e+01
1.416037828605577786e+01
1.416037901549954903e+01
1.416249103947465926e+01
1.416249338393490831e+01
1.416249503960725065e+01
1.416249564675661254e+01
1.416249898542273478e+01
1.420456696141068598e+01
1.420456761295112358e+01
1.420456763332485295e+01
1.420456788041790297e+01
1.420457045216081049e+01
1.420751535238656693e+01
1.420751579843921952e+01
1.420751749343283521e+01
1.420751785167627368e+01
1.420751882190905313e+01
1.422460282808978782e+01
1.422460345005090154e+01
1.422460400171829065e+01
1.422460746255586450e+01
1.422460757537093023e+01
1.424076771974390532e+01
1.424077177922952409e+01
1.424077442292026419e+01
1.424077552154376214e+01
1.424077633683641686e+01
1.425963847670059259e+01
1.425963886152450755e+01
1.425963906022168359e+01
1.425964181281914200e+01
1.425964451775008257e+01
1.427764459746074444e+01
1.427764783161778261e+01
1.427764897251995002e+01
1.427764976975202238e+01
1.427765035242493852e+01
1.434944304058523201e+01
1.434944366194731558e+01
1.434944410168561113e+01
1.434944473569970569e+01
1.434944802639460448e+01
1.435048013090154306e+01
1.435048175998980291e+01
1.435048379476106817e+01
1.435048401139487773e+01
1.435048494103944883e+01
1.435067952890733345e+01
1.435067983162121763e+01
1.435068208904719533e+01
1.435068348838131058e+01
1.435068538019351969e+01
1.442022132298946246e+01
1.442022359411947541e+01
1.442022882248405935e+01
1.442023237176502803e+01
1.442023408506255855e+01
1.444141108356797609e+01
1.444141245591302969e+01
1.444141318725421641e+01
1.444141352933984734e+01
1.444141359234960831e+01
1.444592643244800811e+01
1.444592645103110051e+01
1.444592763416389225e+01
1.444592777237239289e+01
1.444592917073526195e+01
1.444790015763536495e+01
1.444790124771760809e+01
1.444790580891915965e+01
1.444790905597761643e+01
1.444791062919825642e+01
1.446127541653916460e+01
1.446127553413252720e+01
1.446127616764509582e+01
1.446127655606516704e+01
1.446127709068946743e+01
1.450064500056462968e+01
1.450065155528192129e+01
1.450065343942816831e+01
1.450065352091760218e+01
1.450065620960651636e+01
1.451224218153073764e+01
1.451224251662712561e+01
1.451224315987366609e+01
1.451224478020199449e+01
1.451224600778942175e+01
1.452534412482540738e+01
1.452534521684768976e+01
1.452534841788313003e+01
1.452535072290511131e+01
1.452535082619693441e+01
1.454654410494121208e+01
1.454654433575892014e+01
1.454654769762571576e+01
1.454655031206024418e+01
1.454655078590453776e+01
1.455571459252344546e+01
1.455572218196335044e+01
1.455572466959649525e+01
1.455572642270044881e+01
1.455573032744836226e+01
1.456364377025887080e+01
1.456364445309620947e+01
1.456364849523978222e+01
1.456365057117891837e+01
1.456365202645613977e+01
1.459484160709529732e+01
1.459484199318032971e+01
1.459484301502074999e+01
1.459484392766500171e+01
1.459484789487715162e+01
1.460682143167704972e+01
1.460682150792567313e+01
1.460682188290457439e+01
1.460682214488832642e+01
1.460682866144461833e+01
1.460742557765741267e+01
1.460742713063802967e+01
1.460742985046993070e+01
1.460743168714130924e+01
1.460743674175589213e+01
1.465679645584600443e+01
1.465680039670664137e+01
1.465680087787577257e+01
1.465680179724758325e+01
1.465680231076683526e+01
1.466264754750996424e+01
1.466264797713564150e+01
1.466265048999668430e+01
1.466265119452140731e+01
1.466265135343195603e+01
1.470618583217619957e+01
1.470618702298117597e+01
1.470618858007063601e+01
1.470618940037833156e+01
1.470619045398569469e+01
1.471199658382573006e+01
1.471199971106579341e+01
1.471200154375331870e+01
1.471200377561805794e+01
1.471200773943515827e+01
1.474970236729202711e+01
1.474970937701485774e+01
1.474971281933651746e+01
1.474971342937889318e+01
1.474971455014977728e+01
1.475319975905904890e+01
1.475320427580734162e+01
1.475320491366198006e+01
1.475320875911745411e+01
1.475321346821430524e+01
1.475389109149176114e+01
1.475389343109133122e+01
1.475389468509586344e+01
1.475389658498391299e+01
1.475389723804866371e+01
1.477423160486189069e+01
1.477423329445220190e+01
1.477423425721279138e+01
1.477423599464283654e+01
1.477423612651767471e+01
1.479764411814596947e+01
1.479764439696061906e+01
1.479764552668092570e+01
1.479764588040949214e+01
1.479764632612227260e+01
1.481088314909006343e+01
1.481088710437697031e+01
1.481089102655204570e+01
1.481089194947083598e+01
1.481089291069920755e+01
1.481132764549147396e+01
1.481133128065468796e+01
1.481133194860273150e+01
1.481133280961912568e+01
1.481133360918253139e+01
1.481222885219169427e+01
1.481223029529652102e+01
1.481223063902935522e+01
1.481223099983253633e+01
1.481223403036827513e+01
1.481583150791409231e+01
1.481583817423773120e+01
1.481584077111049425e+01
1.481584368503191307e+01
1.481584582155875474e+01
1.481922051363026149e+01
1.481922414343274497e+01
1.481922559374139325e+01
1.481923006137633259e+01
1.481923405882031197e+01
1.482972987848733482e+01
1.482973220954444571e+01
1.482973477676522833e+01
1.482973557364054962e+01
1.482973675043828976e+01
1.483611033794909417e+01
1.483611079088788820e+01
1.483611220207639292e+01
1.483611287119035183e+01
1.483611385799866333e+01
1.488676073788384713e+01
1.488676113936473477e+01
1.488676576437273091e+01
1.488676632647264952e+01
1.488676776524037848e+01
1.492310550053171703e+01
1.492310916331110704e+01
1.492311121785936301e+01
1.492311350258048641e+01
1.492311516647244929e+01
1.492617325587841215e+01
1.492617710269109743e+01
1.492618019428949516e+01
1.492618101024505251e+01
1.492618532785922625e+01
1.493587686303351880e+01
1.493587941207681347e+01
1.493588000960773599e+01
1.493588186125278661e+01
1.493588323631716186e+01
1.493964317199376879e+01
1.493964489878189994e+01
1.493964569649829421e+01
1.493964737694300737e+01
1.493964818785569726e+01
1.494938984335146692e+01
1.494939091734844006e+01
1.494939439061328557e+01
1.494939475675520235e+01
1.494939499097204383e+01
1.495067693192184421e+01
1.495067838980559394e+01
1.495067843444236289e+01
1.495068121913847747e+01
1.495068338507976158e+01
1.496994637457996902e+01
1.496994827786990001e+01
1.496994937701861339e+01
1.496995045865550011e+01
1.496995062007553834e+01
1.499239008833814957e+01
1.499239080727953777e+01
1.499239162826265037e+01
1.499239303527292044e+01
1.499239327158942992e+01
1.499877435699664119e+01
1.499877492375294175e+01
1.499877744198506235e+01
1.499877797299833482e+01
1.499877919687465955e+01
1.501941364168721371e+01
1.501941378553770257e+01
1.501941382483684073e+01
1.501941626920300799e+01
1.501941735610606088e+01
1.505623056103352830e+01
1.505623571961132789e+01
1.505623680765216932e+01
1.505623775250643348e+01
1.505623826399210508e+01
1.505829294754554937e+01
1.505829460149455201e+01
1.505829706466504803e+01
1.505829848038615637e+01
1.505830425717318377e+01
1.506861750362653396e+01
1.506861797533536240e+01
1.506861822387507566e+01
1.506861824848582465e+01
1.506861902067007719e+01
1.508972075164745874e+01
1.508972145861214997e+01
1.508972373569178416e+01
1.508972390706337663e+01
1.508972551140013252e+01
1.509694059626982821e+01
1.509694112758607787e+01
1.509694284008851994e+01
1.509694337710120671e+01
1.509694864531902780e+01
1.513216572061976706e+01
1.513216639191493762e+01
1.513216741297161150e+01
1.513217051464197560e+01
1.513217247785988029e+01
1.513977929727510663e+01
1.513977998365233724e+01
1.513978376131574599e+01
1.513978386536280674e+01
1.513978758192795659e+01
1.515325618646368966e+01
1.515325640385590589e+01
1.515325694439977333e+01
1.515325922079471432e+01
1.515326181616024215e+01
1.517039898257458574e+01
1.517040051788350041e+01
1.517040138467667632e+01
1.517040176049072286e+01
1.517040400422810009e+01
1.517116677218334431e+01
1.517117248707561217e+01
1.517117413924841784e+01
1.517117523780540900e+01
1.517117830114061938e+01
1.518244208174034249e+01
1.518244460856353584e+01
1.518244568549151907e+01
1.518244605535616643e+01
1.518244755276961300e+01
1.518329984784598885e+01
1.518330664374858863e+01
1.518330912016876511e+01
1.518330947560840727e+01
1.518331096793120594e+01
1.519027088044844653e+01
1.519027091971041976e+01
1.519027117017665418e+01
1.519027290883873604e+01
1.519027307872047494e+01
1.519503286287002375e+01
1.519503434649622697e+01
1.519503702844122728e+01
1.519503856420246102e+01
1.519504292777417831e+01
1.519879850555628664e+01
1.519879957501249557e+01
1.519880016163775949e+01
1.519880036622956609e+01
1.519880174447972720e+01
1.520919634593820291e+01
1.520919637465766883e+01
1.520919787499985176e+01
1.520919823013034389e+01
1.520919918261313342e+01
1.521740359428309297e+01
1.521740479205965180e+01
1.521740654137228432e+01
1.521740738618112943e+01
1.521740762504901845e+01
1.522410411950076004e+01
1.522410640003215576e+01
1.522410642095620403e+01
1.522410848468310363e+01
1.522411505624875439e+01
1.527105699768683422e+01
1.527105854280573460e+01
1.527105867390339178e+01
1.527105877384079768e+01
1.527105912935641818e+01
1.527764875780628806e+01
1.527764920894900058e+01
1.527764938799159644e+01
1.527765302725847363e+01
1.527765310842277380e+01
1.529592133064890014e+01
1.529592227304061680e+01
1.529592236790903748e+01
1.529592505645212697e+01
1.529592564627260565e+01
1.529734460316561062e+01
1.529734691044822981e+01
1.529735376015734438e+01
1.529735376526280177e+01
1.529735863333928769e+01
1.530286043852259503e+01
1.530286153092290036e+01
1.530286302183352909e+01
1.530286641334230602e+01
1.530286717022009668e+01
1.530488083638026886e+01
1.530488398354590629e+01
1.530488461168525127e+01
1.530488531718875755e+01
1.530488688069925018e+01
1.533713595875709679e+01
1.533713786031148629e+01
1.533713966423335506e+01
1.533714097225750805e+01
1.533714716629530272e+01
1.534252283748015167e+01
1.534252595576751865e+01
1.534252599374040393e+01
1.534253286307707320e+01
1.534253365818696757e+01
1.534405741525037392e+01
1.534405752557321279e+01
1.534405945866999055e+01
1.534405951125385670e+01
1.534405991210931042e+01
1.535580238114895835e+01
1.535580333394837460e+01
1.535580341912789493e+01
1.535580524202492292e+01
1.535581195094873408e+01
1.535750783887802484e+01
1.535750872140400247e+01
1.535750950580529484e+01
1.535751214494066197e+01
1.535751927243784998e+01
1.535781000426818643e+01
1.535781003962478941e+01
1.535781358862647394e+01
1.535781617196924209e+01
1.535782073458991626e+01
1.538330983671914609e+01
1.538331272363661029e+01
1.538331377069973094e+01
1.538331536223580187e+01
1.538331762739429287e+01
1.538351666732285139e+01
1.538351672195275377e+01
1.538351955813428162e+01
1.538352064785561346e+01
1.538352368147818083e+01
1.540042778685059766e+01
1.540042808590072987e+01
1.540043038924886787e+01
1.540043217947145848e+01
1.540043499056438847e+01
1.541721780516186158e+01
1.541721834057946872e+01
1.541722051566364549e+01
1.541722175323102739e+01
1.541722368156147560e+01
1.542540248262261748e+01
1.542540333012722087e+01
1.542540539784287290e+01
1.542540738731071670e+01
1.542540863719661814e+01
1.543465217331767292e+01
1.543465294379177166e+01
1.543465348751632860e+01
1.543465402401038666e+01
1.543465428118816085e+01
1.544243929238188606e+01
1.544244504547774177e+01
1.544244506451293830e+01
1.544244700849253427e+01
1.544245174099307327e+01
1.545743329751094208e+01
1.545743509081309242e+01
1.545744259467587334e+01
1.545744286273120949e+01
1.545744702221230149e+01
1.548392341292735885e+01
1.548392344949108690e+01
1.548392371849267413e+01
1.548392654628017695e+01
1.548392859063228855e+01
1.548815335364742651e+01
1.548815754000778533e+01
1.548815788093923196e+01
1.548816011555278394e+01
1.548816675629817752e+01
1.550389630497121196e+01
1.550389662916068367e+01
1.550389663995796852e+01
1.550389760611504997e+01
1.550390017595250214e+01
1.551426712048944800e+01
1.551426925186616756e+01
1.551426941811634208e+01
1.551427067387313663e+01
1.551427829358813604e+01
1.551763813999411390e+01
1.551763819668766331e+01
1.551763873854846487e+01
1.551764532270924057e+01
1.551764760059011117e+01
1.552002421531938303e+01
1.552002637805425955e+01
1.552002645895618471e+01
1.552002726031755486e+01
1.552002884168389762e+01
1.553331402285101426e+01
1.553331443669701883e+01
1.553331547002442115e+01
1.553331820641359151e+01
1.553332534439744705e+01
1.553891159404351363e+01
1.553891186225727949e+01
1.553891262093007519e+01
1.553891394146643812e+01
1.553891747676459012e+01
1.555606404711358692e+01
1.555606510745889004e+01
1.555606646860960218e+01
1.555606935474704144e+01
1.555607324736226715e+01
1.556399493166519932e+01
1.556399518040596064e+01
1.556399954135504515e+01
1.556400068818425453e+01
1.556400366637068089e+01
1.558445355380482944e+01
1.558445548606366771e+01
1.558445668159785313e+01
1.558445744349799256e+01
1.558445853997501018e+01
1.558752964677212560e+01
1.558753269010525599e+01
1.558753446214634586e+01
1.558753756860268247e+01
1.558753984389454494e+01
1.558899438223646072e+01
1.558899663955637749e+01
1.558899685448040628e+01
1.558899800247918499e+01
1.558900116686761983e+01
1.559546473567876745e+01
1.559546563942545383e+01
1.559546810645323411e+01
1.559546855704566504e+01
1.559547295010318102e+01
1.559899621480177245e+01
1.559899668755974922e+01
1.559899862288922812e+01
1.559899899129748668e+01
1.559900026164818065e+01
1.559923148297697182e+01
1.559923280083350683e+01
1.559923298032951422e+01
1.559923446356903654e+01
1.559923520222065108e+01
1.560948540820292330e+01
1.560948683859274055e+01
1.560948684587036439e+01
1.560949072832935158e+01
1.560949440981353575e+01
1.563083175756811727e+01
1.563083254885036411e+01
1.563083295864618982e+01
1.563083467261105497e+01
1.563083623109780973e+01
1.563544359027271291e+01
1.563545058490800166e+01
1.563545147815693781e+01
1.563545199972805477e+01
1.563545651107443746e+01
1.565764973256842296e+01
1.565765330252269827e+01
1.565765355089005695e+01
1.565765439962831707e+01
1.565765806182074016e+01
1.566449248946801909e+01
1.566449313478734773e+01
1.566449461927833653e+01
1.566449520337632784e+01
1.566449849992651444e+01
1.567809160894909581e+01
1.567809209740139309e+01
1.567809513661018883e+01
1.567809729127230511e+01
1.567809766135547456e+01
1.568379014133382299e+01
1.568379018124764457e+01
1.568379090803304621e+01
1.568379126240527377e+01
1.568379131650571345e+01
1.569119163913945769e+01
1.569119633198501518e+01
1.569119650611131789e+01
1.569119684519635349e+01
1.569119703611231920e+01
1.571898255109725717e+01
1.571898349902117609e+01
1.571898641803599439e+01
1.571898692185027357e+01
1.571898874674831070e+01
1.572263267548091115e+01
1.572263395732725044e+01
1.572263636294498923e+01
1.572263884381053956e+01
1.572264075234500957e+01
1.572433739885722481e+01
1.572433995023638431e+01
1.572434137528818709e+01
1.572434472311962494e+01
1.572434819668529293e+01
1.577376538011770890e+01
1.577376887552876639e+01
1.577377091283501542e+01
1.577377137660490014e+01
1.577377363763979012e+01
1.578739810818742839e+01
1.578739931938126340e+01
1.578739966862180921e+01
1.578739973812660580e+01
1.578739996638458543e+01
1.579374571767888114e+01
1.579374930725126980e+01
1.579375131717920766e+01
1.579375193478104400e+01
1.579375217273906529e+01
1.579782663421142708e+01
1.579782709702508470e+01
1.579782781290516525e+01
1.579782806715530619e+01
1.579782852952265593e+01
1.580212684525092648e+01
1.580212758356924496e+01
1.580213253147182151e+01
1.580213393458617510e+01
1.580213502097422307e+01
1.580249956245530107e+01
1.580250016068027108e+01
1.580250028992564104e+01
1.580250084956808188e+01
1.580250086886882599e+01
1.582170449114127564e+01
1.582170855027673717e+01
1.582171258928375401e+01
1.582171679683971455e+01
1.582171763164164346e+01
1.582736200707180174e+01
1.582736243050306868e+01
1.582736243312194979e+01
1.582736349733903047e+01
1.582736410478383959e+01
1.583275462744875561e+01
1.583275709304920831e+01
1.583276121662295566e+01
1.583276388284433445e+01
1.583276646045788283e+01
1.584118988984413434e+01
1.584119242892087165e+01
1.584119302564046272e+01
1.584119952329999670e+01
1.584120142671634746e+01
1.586045690395141428e+01
1.586045759706194502e+01
1.586046019009536678e+01
1.586046434961158269e+01
1.586046955605350206e+01
1.587176649984808741e+01
1.587176810007316163e+01
1.587177121572762495e+01
1.587177137367156021e+01
1.587177223652418689e+01
1.589688347383851230e+01
1.589688464219955222e+01
1.589688543584560243e+01
1.589688623345465146e+01
1.589688846305779357e+01
1.589850455254833150e+01
1.589850651729274666e+01
1.589850812853206108e+01
1.589851617892688829e+01
1.589851800475755006e+01
1.593192603633659843e+01
1.593192851759949313e+01
1.593193061519224507e+01
1.593193565245290699e+01
1.593193739107394435e+01
1.595108043868188830e+01
1.595108411632576129e+01
1.595108467913702732e+01
1.595108837150618974e+01
1.595108983050374363e+01
1.596551393722419476e+01
1.596551394467462970e+01
1.596551562919594680e+01
1.596551902901061482e+01
1.596551929385950253e+01
1.597027906701069533e+01
1.597028359421647892e+01
1.597028545721710202e+01
1.597028745585376264e+01
1.597028836811032448e+01
1.597175749083049467e+01
1.597175811139775625e+01
1.597175873890223841e+01
1.597175898937246075e+01
1.597176117629486747e+01
1.597428472084118134e+01
1.597428575637734127e+01
1.597428705888622780e+01
1.597428738614965482e+01
1.597429012025573414e+01
1.598037327542445141e+01
1.598037340122877126e+01
1.598037745499773976e+01
1.598037885863160668e+01
1.598037903833635731e+01
1.598352625056498511e+01
1.598352677142938916e+01
1.598352677453884141e+01
1.598352775114743096e+01
1.598352876890456820e+01
1.598879281879029257e+01
1.598879645347641620e+01
1.598879693516056832e+01
1.598879702590223140e+01
1.598880009153282344e+01
1.599660982646322971e+01
1.599661132230510852e+01
1.599661382134981835e+01
1.599661412156960161e+01
1.599661831180890559e+01
1.599697530839502235e+01
1.599697597948749639e+01
1.599697679367573322e+01
1.599697839029296098e+01
1.599698201515835905e+01
1.599803012569047489e+01
1.599803445696376869e+01
1.599803464069571390e+01
1.599803600517576108e+01
1.599803856647745448e+01
1.600424890835243019e+01
1.600424923665274690e+01
1.600425017516909776e+01
1.600425722834083686e+01
1.600425967568947172e+01
1.600546582201530299e+01
1.600546963624935515e+01
1.600547341899326526e+01
1.600547485580169038e+01
1.600547659359133235e+01
1.601866039439315870e+01
1.601866044217493013e+01
1.601866335070750935e+01
1.601866553647025881e+01
1.601866628483470123e+01
1.602334885600073378e+01
1.602335581154896360e+01
1.602335777409029660e+01
1.602335854038721763e+01
1.602336012875264615e+01
1.605173081906434263e+01
1.605173517891445911e+01
1.605173762187134656e+01
1.605173924685110265e+01
1.605174266167072616e+01
1.610153031105428667e+01
1.610153044856295423e+01
1.610153179084524311e+01
1.610153308692374097e+01
1.610153484905398358e+01
1.611272995703086863e+01
1.611273072396172168e+01
1.611273305742076900e+01
1.611273439739202118e+01
1.611273440308006855e+01
1.614367913224553774e+01
1.614368199553621253e+01
1.614368598322886328e+01
1.614368690654337613e+01
1.614369057416859832e+01
1.615145442284687860e+01
1.615145456747162456e+01
1.615145463654280178e+01
1.615145504655849962e+01
1.615145703476005323e+01
1.615404494756963416e+01
1.615404652378468242e+01
1.615404681465607339e+01
1.615404937973448440e+01
1.615405031352199572e+01
1.615539223847567385e+01
1.615539439586047621e+01
1.615539599882033173e+01
1.615539660980812897e+01
1.615540146616294948e+01
1.617111435253303853e+01
1.617111491573169246e+01
1.617112031817523743e+01
1.617112254444631958e+01
1.617112793405271631e+01
1.618333211180256370e+01
1.618333629538112461e+01
1.618333698978983648e+01
1.618333734490201081e+01
1.618333791750329809e+01
1.618505767713850219e+01
1.618506317074789891e+01
1.618506641517111788e+01
1.618506723728387797e+01
1.618507439172894280e+01
1.619630240334503313e+01
1.619630309859012129e+01
1.619630456025386067e+01
1.619630658181364424e+01
1.619630806362981090e+01
1.619774375199830274e+01
1.619774819790084308e+01
1.619774908749052145e+01
1.619774937080457633e+01
1.619775450019230689e+01
1.621823730107868400e+01
1.621823914134022004e+01
1.621824230371774789e+01
1.621824243053790227e+01
1.621824279168677663e+01
1.622508176604974750e+01
1.622508223913210301e+01
1.622508350445691860e+01
1.622508425878275773e+01
1.622508443904375852e+01
1.623924852653594897e+01
1.623924904769306465e+01
1.623924964533459914e+01
1.623925294399037256e+01
1.623925384340672196e+01
1.625582715959111013e+01
1.625582903355593345e+01
1.625582938896997831e+01
1.625583242076517010e+01
1.625583426937233256e+01
1.625984146283720833e+01
1.625984155455704183e+01
1.625984339814501212e+01
1.625984800972936384e+01
1.625984845979199278e+01
1.626352758510280694e+01
1.626353083251604303e+01
1.626353206754301439e+01
1.626353408309829618e+01
1.626353534454916527e+01
1.626534069806409022e+01
1.626534117541344315e+01
1.626534132758977691e+01
1.626534191097439219e+01
1.626534818532637416e+01
1.628175165847028794e+01
1.628175265480040323e+01
1.628175317909284558e+01
1.628175524908171568e+01
1.628175613845447600e+01
1.628310471926346281e+01
1.628310552280798973e+01
1.628310671345919758e+01
1.628310686606828028e+01
1.628310893934263248e+01
1.628505466485759001e+01
1.628505857889986430e+01
1.628506094965259621e+01
1.628506099288240350e+01
1.628506566366252173e+01
1.629309445727545125e+01
1.629309587574135776e+01
1.629309761838122483e+01
1.629309979397413599e+01
1.629310047470707801e+01
1.629878247576793626e+01
1.629878467691686339e+01
1.629878546875502465e+01
1.629878550782542490e+01
1.629878811604715594e+01
1.632183940314019566e+01
1.632184598545764942e+01
1.632184698891029129e+01
1.632184763605517830e+01
1.632185095638971717e+01
1.632198509868821290e+01
1.632198651155857405e+01
1.632198709950170112e+01
1.632198797255407641e+01
1.632199251876743062e+01
1.632594810279023179e+01
1.632594892756313953e+01
1.632595157604909630e+01
1.632595202421286018e+01
1.632595373474701361e+01
1.632738941895182450e+01
1.632739144453883640e+01
1.632739225317380516e+01
1.632739427927187492e+01
1.632739664480838115e+01
1.633457860354224067e+01
1.633458043552389327e+01
1.633458258770330573e+01
1.633458618608687019e+01
1.633458743931416279e+01
1.634308254255603998e+01
1.634308281051038492e+01
1.634308405023054434e+01
1.634308607256903656e+01
1.634308957020367004e+01
1.636310254544962461e+01
1.636310511738221507e+01
1.636310558499516432e+01
1.636310882505522102e+01
1.636310999392230414e+01
1.636858840507024127e+01
1.636859353701777309e+01
1.636859419244365199e+01
1.636859523713015463e+01
1.636859787203839645e+01
1.637512313546374543e+01
1.637512654897054176e+01
1.637512674929265799e+01
1.637512928108050048e+01
1.637513030001288428e+01
1.638209793204765319e+01
1.638209932375579214e+01
1.638210128562572265e+01
1.638210132916409378e+01
1.638210335495719860e+01
1.640281368114629146e+01
1.640281415744262006e+01
1.640281579395440303e+01
1.640281608888242104e+01
1.640281636318897540e+01
1.642783493222402669e+01
1.642783588876209677e+01
1.642783599898051250e+01
1.642783775901746424e+01
1.642783961808734006e+01
1.644086006559571800e+01
1.644086185202284156e+01
1.644086805451889788e+01
1.644086869202171997e+01
1.644086902676680495e+01
1.645563320104395189e+01
1.645563508529828667e+01
1.645563650247537524e+01
1.645564204115415308e+01
1.645564268441071576e+01
1.646858888756107220e+01
1.646859190346885526e+01
1.646859200918524380e+01
1.646859722342798804e+01
1.646859810170252558e+01
1.647001112881834217e+01
1.647001375939619550e+01
1.647001603104562761e+01
1.647001636014366710e+01
1.647002150865019487e+01
1.647596337673157052e+01
1.647596349899452761e+01
1.647596478081632654e+01
1.647596875424932605e+01
1.647596952774858536e+01
1.647840856832054612e+01
1.647841060283727543e+01
1.647841524931326873e+01
1.647841542927595881e+01
1.647841758758406883e+01
1.652128108598724765e+01
1.652128209950426196e+01
1.652128271686553873e+01
1.652128382612561808e+01
1.652128490396252403e+01
1.653306242051363029e+01
1.653306308123815072e+01
1.653306456056468576e+01
1.653306534679216711e+01
1.653306590888090355e+01
1.654086245985075720e+01
1.654086286433993536e+01
1.654086426962630085e+01
1.654086759593945644e+01
1.654087219991739488e+01
1.655085459931601122e+01
1.655085702350485377e+01
1.655085804157899076e+01
1.655085820534391416e+01
1.655085876792198363e+01
1.656130955589261333e+01
1.656131136553503680e+01
1.656131149440466288e+01
1.656131388791058612e+01
1.656131459647754056e+01
1.657503594331547703e+01
1.657503747599684729e+01
1.657503813600741083e+01
1.657504012330286969e+01
1.657504290674688008e+01
1.657927793126106053e+01
1.657927869261205345e+01
1.657928084158658777e+01
1.657928090021096068e+01
1.657928240946513299e+01
1.658850683743717624e+01
1.658850754851683362e+01
1.658850807964658358e+01
1.658851060754099294e+01
1.658851164970806025e+01
1.659212633016335303e+01
1.659212920956499815e+01
1.659213221536942839e+01
1.659213259360592119e+01
1.659213427056929291e+01
1.660431327064145890e+01
1.660431355446529977e+01
1.660431534522577124e+01
1.660431642519799667e+01
1.660431907869154244e+01
1.660749251671063931e+01
1.660749460794131949e+01
1.660749764668054951e+01
1.660749988406442768e+01
1.660750013090772370e+01
1.661668810432151133e+01
1.661668980263819151e+01
1.661669329054971911e+01
1.661669338446731814e+01
1.661669429497335315e+01
1.661783085017114914e+01
1.661783206757728948e+01
1.661783213841384210e+01
1.661783642535333172e+01
1.661783770619992495e+01
1.662739485089591795e+01
1.662739570931358912e+01
1.662740149530587175e+01
1.662740256705478359e+01
1.662740374905535390e+01
1.662786492327262167e+01
1.662786649815303264e+01
1.662786695321441144e+01
1.662786737464849907e+01
1.662787135353169532e+01
1.665413227583472633e+01
1.665413264442492647e+01
1.665413526467525784e+01
1.665413540940807735e+01
1.665413663512161691e+01
1.666872939010649546e+01
1.666873197338657775e+01
1.666873398394431049e+01
1.666873438556449116e+01
1.666873971794208487e+01
1.668498833812597937e+01
1.668498932912454435e+01
1.668498951906772731e+01
1.668498997718308630e+01
1.668499825887614563e+01
1.668949069907467475e+01
1.668949218858980288e+01
1.668949223623954481e+01
1.668949255076079297e+01
1.668949547526827004e+01
1.669923730893420100e+01
1.669923829341326638e+01
1.669923841108030871e+01
1.669924064419996412e+01
1.669924133577930192e+01
1.670652603362231048e+01
1.670652810111664266e+01
1.670652906119640591e+01
1.670653197238433307e+01
1.670653212968807821e+01
1.670710598624130228e+01
1.670710997994865465e+01
1.670711046879740991e+01
1.670711216183994097e+01
1.670711250492436051e+01
1.670732030163125970e+01
1.670732064351432911e+01
1.670732123002966674e+01
1.670732203110061675e+01
1.670732216438050344e+01
1.670792375812746045e+01
1.670792459090595727e+01
1.670792547645876880e+01
1.670792628186095286e+01
1.670792715778052440e+01
1.671165921212492833e+01
1.671166192780957260e+01
1.671166300384554759e+01
1.671166445256126920e+01
1.671166726621255094e+01
1.673560539118020785e+01
1.673560798816104978e+01
1.673561281222172425e+01
1.673561709385405649e+01
1.673561774911521027e+01
1.675125482304534685e+01
1.675125499664428119e+01
1.675125798836911173e+01
1.675125861335201449e+01
1.675125955592892169e+01
1.676526490459664487e+01
1.676526670712696898e+01
1.676526812797516897e+01
1.676526848788888557e+01
1.676526976552122150e+01
1.678156998784678677e+01
1.678157027333854501e+01
1.678157042060724535e+01
1.678157282911825376e+01
1.678157490352737824e+01
1.678472962757815878e+01
1.678472978397030957e+01
1.678473262005981681e+01
1.678473666647767359e+01
1.678474101642918015e+01
1.678684301972827697e+01
1.678684317126361947e+01
1.678684357102907043e+01
1.678684530790106422e+01
1.678684552326314616e+01
1.678861660355015673e+01
1.678861733408978907e+01
1.678862112873180479e+01
1.678862285416525779e+01
1.678862552871437330e+01
1.678892663783781103e+01
1.678892999553574938e+01
1.678893026143714806e+01
1.678893120234578973e+01
1.678893627219128248e+01
1.679545714396902056e+01
1.679545961020715694e+01
1.679546075284926587e+01
1.679546440425509601e+01
1.679546564594444646e+01
1.679624369591308408e+01
1.679624603871055655e+01
1.679624715193843443e+01
1.679624833897141656e+01
1.679624924489095505e+01
1.681472448563460986e+01
1.681472904504262189e+01
1.681473012828335456e+01
1.681473245198388256e+01
1.681473648512815799e+01
1.681835504321691843e+01
1.681835676767799015e+01
1.681835712377401038e+01
1.681835798432771867e+01
1.681835974660133104e+01
1.683977092039259205e+01
1.683977173878850664e+01
1.683977409453286000e+01
1.683977499136197054e+01
1.683977613563791209e+01
1.684330512037942995e+01
1.684330715702530767e+01
1.684330898330253845e+01
1.684330971954740264e+01
1.684331007231357802e+01
1.685003132874238929e+01
1.685003534065136677e+01
1.685003746706813743e+01
1.685003791281788210e+01
1.685003936655935419e+01
1.685412072211125434e+01
1.685412174230090443e+01
1.685412632501311236e+01
1.685412730173235829e+01
1.685412753789112372e+01
1.686248420162640116e+01
1.686248553908942327e+01
1.686248644296860277e+01
1.686248811375415357e+01
1.686248838900119296e+01
1.686311496786106900e+01
1.686311603984862373e+01
1.686312065184555209e+01
1.686312169012013129e+01
1.686312443734552957e+01
1.686720917218079663e+01
1.686721059545709167e+01
1.686721319453216594e+01
1.686721573057332080e+01
1.686722032650904879e+01
1.686888120020115878e+01
1.686888275647204694e+01
1.686888316189308412e+01
1.686888755993411593e+01
1.686888823116686709e+01
1.689090088135620960e+01
1.689090186507813129e+01
1.689090542412099438e+01
1.689090670436314667e+01
1.689090688166565002e+01
1.690582432223877163e+01
1.690582433088963299e+01
1.690582798214272486e+01
1.690582815018832363e+01
1.690583721221164382e+01
1.691955589083235978e+01
1.691955782886479653e+01
1.691955912154332964e+01
1.691955935898450036e+01
1.691956231162614799e+01
1.692440144237012589e+01
1.692440250431902271e+01
1.692440559084424834e+01
1.692440614547228250e+01
1.692440619647850397e+01
1.693066310596841362e+01
1.693066311879720942e+01
1.693066385161846199e+01
1.693066491977796062e+01
1.693066590439372021e+01
1.695353475063533466e+01
1.695353728926503223e+01
1.695354257728159908e+01
1.695354478256390962e+01
1.695354928102372227e+01
1.695661911563740887e+01
1.695662035596126671e+01
1.695662089852810084e+01
1.695662165158201518e+01
1.695662262094960937e+01
1.696466272628194716e+01
1.696466384364276081e+01
1.696466750564242787e+01
1.696466757141147141e+01
1.696467187982720759e+01
1.697605982025569915e+01
1.697606049074401824e+01
1.697606252913201175e+01
1.697606389920525771e+01
1.697606610036907071e+01
1.698863445965566754e+01
1.698863652447717953e+01
1.698863926589766749e+01
1.698864125885881293e+01
1.698864371659198014e+01
1.700272118038168756e+01
1.700272424051216547e+01
1.700272544526906060e+01
1.700272706741186113e+01
1.700272955548314258e+01
1.704894872563701469e+01
1.704895505476801887e+01
1.704895538849814685e+01
1.704895761646734798e+01
1.704895940812224353e+01
1.705916134819352692e+01
1.705916185904805715e+01
1.705916802653048592e+01
1.705916807261420942e+01
1.705916816051122709e+01
1.706338171225446487e+01
1.706338387019995650e+01
1.706338509082239341e+01
1.706338806682013853e+01
1.706338859249826712e+01
1.707167981883739571e+01
1.707168381109783795e+01
1.707168540283296210e+01
1.707168566561017542e+01
1.707168612091377824e+01
1.708506332800086724e+01
1.708506357654252383e+01
1.708506833810740133e+01
1.708506892934002863e+01
1.708507303912394804e+01
1.708543941234465535e+01
1.708544255076233043e+01
1.708544728820993086e+01
1.708544801527311208e+01
1.708544921583568055e+01
1.708955088442935022e+01
1.708955606659810300e+01
1.708955628586652153e+01
1.708955750587475109e+01
1.708956308723543671e+01
1.715318931913537881e+01
1.715319028151031588e+01
1.715319085764803120e+01
1.715319100424466114e+01
1.715319473163235742e+01
1.716956168974910213e+01
1.716956368975344560e+01
1.716956456342734327e+01
1.716956539020426220e+01
1.716956682206339124e+01
1.719959666495118711e+01
1.719959717814635525e+01
1.719960229278863295e+01
1.719960386204577674e+01
1.719960459598127045e+01
1.720054950347226708e+01
1.720055097710826431e+01
1.720055171746825096e+01
1.720055265919964427e+01
1.720055479033452528e+01
1.721187204091699030e+01
1.721187491438977446e+01
1.721187526016848679e+01
1.721187576945929365e+01
1.721187583532951137e+01
1.721310961046550858e+01
1.721311099195319727e+01
1.721311504093027267e+01
1.721311552109321141e+01
1.721311569325553492e+01
1.724549557046708870e+01
1.724549784591329171e+01
1.724549935065088135e+01
1.724550131849462886e+01
1.724550368335468775e+01
1.725341763100574966e+01
1.725342043543250625e+01
1.725342182538292946e+01
1.725342543590112498e+01
1.725343047857149870e+01
1.726793373904648732e+01
1.726793681967825478e+01
1.726793688944339422e+01
1.726793772307799557e+01
1.726793950182823423e+01
1.727592832488604557e+01
1.727592870713177930e+01
1.727592929960353629e+01
1.727593523188542335e+01
1.727593544215189425e+01
1.727720811048474658e+01
1.727721138198523221e+01
1.727721274475139523e+01
1.727721390309502425e+01
1.727721682332545328e+01
1.728164318456436632e+01
1.728164332295109062e+01
1.728164448738892389e+01
1.728164608051270079e+01
1.728164740147767020e+01
1.728294516211285270e+01
1.728294581263564567e+01
1.728294971433406957e+01
1.728295044937929603e+01
1.728295244141174081e+01
1.729522238641064646e+01
1.729522240449656678e+01
1.729522457820655035e+01
1.729522524863148547e+01
1.729522585141344493e+01
1.730227695601940141e+01
1.730227956823319957e+01
1.730227995301486388e+01
1.730228106539134814e+01
1.730228292901257703e+01
1.731643027366206411e+01
1.731643072426301089e+01
1.731643173419686121e+01
1.731643381276294846e+01
1.731643446223558058e+01
1.731648450916351578e+01
1.731648478494697230e+01
1.731648485326338260e+01
1.731648594249422501e+01
1.731649181509349589e+01
1.732223345893075006e+01
1.732223348315972800e+01
1.732223557591513696e+01
1.732223766122033126e+01
1.732223809482769994e+01
1.733399174988265656e+01
1.733399441873972791e+01
1.733399621864790774e+01
1.733399825790345261e+01
1.733400126589645751e+01
1.735521518046088829e+01
1.735521568853582508e+01
1.735521693137253862e+01
1.735521759809712350e+01
1.735521972354138498e+01
1.735606370181326596e+01
1.735606708618631799e+01
1.735606884953502416e+01
1.735606930082384736e+01
1.735607162731820452e+01
1.736204114992531444e+01
1.736204549061256230e+01
1.736204549260829566e+01
1.736204636381898325e+01
1.736204767047078690e+01
1.736807612524196642e+01
1.736807634592271299e+01
1.736807979963818482e+01
1.736808121026038876e+01
1.736808200075932618e+01
1.737732991299583674e+01
1.737733094855190785e+01
1.737733306048140136e+01
1.737733399048887506e+01
1.737733607071578845e+01
1.738542031875271832e+01
1.738542402725340352e+01
1.738542455691548483e+01
1.738542781132808202e+01
1.738543621221222324e+01
1.739247358426914403e+01
1.739247727025394141e+01
1.739247738425150303e+01
1.739247749637468843e+01
1.739247851350404872e+01
1.743787292373413322e+01
1.743787312589754990e+01
1.743787557894022555e+01
1.743787845530814451e+01
1.743787971495961386e+01
1.746772587878857053e+01
1.746772742267579304e+01
1.746772985063886452e+01
1.746773065688843474e+01
1.746773643836258216e+01
1.748531232696173277e+01
1.748531260813486199e+01
1.748531453679058245e+01
1.748531764522452292e+01
1.748532096429459060e+01
1.748603126410049668e+01
1.748603135151598664e+01
1.748603832237879985e+01
1.748604058985910115e+01
1.748604249710894720e+01
1.754713594725361503e+01
1.754713861547802622e+01
1.754713908009222934e+01
1.754713995877675714e+01
1.754714660227696399e+01
1.755427673072576411e+01
1.755427697256996211e+01
1.755428000356038609e+01
1.755428015775070349e+01
1.755428225019183230e+01
1.758314556080907920e+01
1.758314641325891614e+01
1.758314719893739664e+01
1.758314934562634235e+01
1.758314969908690628e+01
1.761358304570935474e+01
1.761358320028323732e+01
1.761358667270808809e+01
1.761358957216841503e+01
1.761359100246454545e+01
1.762884823950787805e+01
1.762884941672031047e+01
1.762884987905904310e+01
1.762885464011771930e+01
1.762885528844400085e+01
1.764020009424496394e+01
1.764020113387032751e+01
1.764020123714296062e+01
1.764020419948136720e+01
1.764020441968289532e+01
1.764665411954629093e+01
1.764665634047708309e+01
1.764665640648675549e+01
1.764665888154751983e+01
1.764665928867557554e+01
1.764973333901110308e+01
1.764973489573993248e+01
1.764973612896804767e+01
1.764973789129742343e+01
1.764974878099685540e+01
1.846273463513463398e+01
1.846273683938001398e+01
1.846274184607746705e+01
1.846274309541786351e+01
1.846274447775573790e+01
1.846465359949381835e+01
1.846465751904161579e+01
1.846465837293233037e+01
1.846466243878019142e+01
1.846466439395257453e+01
1.846975623897889918e+01
1.846975648302110073e+01
1.846975651882016578e+01
1.846975665009152223e+01
1.846975672856846273e+01
1.847210102396043041e+01
1.847210125795655244e+01
1.847210134591622577e+01
1.847210141399727235e+01
1.847210170317931244e+01
1.850096979894297533e+01
1.850097387375324232e+01
1.850097483108930874e+01
1.850097493383794856e+01
1.850097700310445958e+01
1.851663447484450131e+01
1.851663556849893766e+01
1.851663618395360444e+01
1.851663787344235956e+01
1.851664136427014284e+01
1.854484905945313855e+01
1.854485025401391596e+01
1.854485181734812116e+01
1.854485455271623096e+01
1.854485569721694915e+01
1.856696068189405935e+01
1.856696154950777000e+01
1.856696329486327102e+01
1.856696875565314286e+01
1.856697020457834313e+01
1.857227896928376509e+01
1.857227937138842577e+01
1.857227950246818793e+01
1.857227957205038393e+01
1.857228013954129509e+01
1.857234529350830243e+01
1.857234551998212169e+01
1.857234584627908802e+01
1.857234593028301362e+01
1.857234646052027571e+01
1.857336071672006028e+01
1.857336433813486920e+01
1.857336495508285523e+01
1.857336678288026377e+01
1.857336989213858303e+01
1.857462703221251843e+01
1.857462715929716879e+01
1.857462740188077177e+01
1.857462746344593540e+01
1.857462793344189578e+01
1.857469715890409745e+01
1.857469735800290422e+01
1.857469796517025529e+01
1.857469801927611286e+01
1.857469855803318382e+01
1.857977424960809287e+01
1.857977473052889295e+01
1.857977553335346599e+01
1.857977633702031284e+01
1.857977907752404079e+01
1.858590477024188203e+01
1.858590594380053318e+01
1.858590893366261909e+01
1.858591018719556587e+01
1.858591080916401950e+01
1.858597885690715756e+01
1.858598337979994852e+01
1.858598591882873308e+01
1.858598615850124958e+01
1.858599014546440742e+01
1.858784415496052134e+01
1.858784657224445880e+01
1.858785099430808430e+01
1.858785140300513916e+01
1.858785169237962265e+01
1.858858935859846184e+01
1.858859135053810618e+01
1.858859319611357819e+01
1.858859615192067238e+01
1.858860129267664973e+01
1.861335439256987101e+01
1.861335560700702985e+01
1.861335961297422514e+01
1.861335993616950546e+01
1.861336053134414570e+01
1.862685810959003518e+01
1.862686217446191250e+01
1.862686391345843262e+01
1.862686521003735862e+01
1.862686590448591772e+01
1.863330525607574373e+01
1.863330922000705669e+01
1.863330953388581435e+01
1.863331133082093771e+01
1.863331160965758215e+01
1.863390361424841402e+01
1.863390513212139510e+01
1.863390634478449925e+01
1.863390696323505935e+01
1.863391212829447952e+01
1.864285089628461378e+01
1.864285434886782511e+01
1.864285468615522845e+01
1.864285644858641078e+01
1.864285748672933352e+01
1.866304432098096555e+01
1.866304724932935599e+01
1.866304847780769194e+01
1.866304976681464112e+01
1.866305391757201093e+01
1.866639838300093857e+01
1.866640283289739699e+01
1.866640316355563911e+01
1.866640507749684730e+01
1.866640581162051404e+01
1.867013916115785221e+01
1.867014427192516379e+01
1.867014506391420525e+01
1.867014609659495861e+01
1.867015202051124234e+01
1.868383302340823349e+01
1.868383707521021719e+01
1.868383805368426209e+01
1.868383842348782409e+01
1.868383961066621879e+01
1.870238908720754623e+01
1.870239035985774478e+01
1.870239071146787779e+01
1.870239270775266505e+01
1.870239324531755898e+01
1.871606584624824166e+01
1.871606633610278436e+01
1.871606735214158235e+01
1.871606869263147388e+01
1.871606994196431017e+01
1.872235836890214244e+01
1.872236084371039055e+01
1.872236089173584972e+01
1.872236221075748830e+01
1.872236599708487503e+01
1.872760776641266389e+01
1.872761041225227885e+01
1.872761134687229756e+01
1.872761316707764578e+01
1.872761848001768570e+01
1.873704175114364290e+01
1.873704274144135340e+01
1.873704278189330452e+01
1.873704319796749473e+01
1.873704342769424258e+01
1.873708263148775188e+01
1.873708302314156882e+01
1.873708363920597009e+01
1.873708376431348555e+01
1.873708391626616176e+01
1.873798096120550483e+01
1.873798218347429412e+01
1.873798275056575946e+01
1.873798439803758598e+01
1.873798770830528682e+01
1.873939903946495278e+01
1.873939942422115124e+01
1.873939955757921183e+01
1.873940009854637978e+01
1.873940077178029640e+01
1.873944198431212627e+01
1.873944205208628944e+01
1.873944297502463385e+01
1.873944366315339849e+01
1.873944389461437510e+01
1.874161921129014630e+01
1.874162300819488891e+01
1.874162467675894916e+01
1.874162535654258832e+01
1.874162865094707087e+01
1.875277301690072562e+01
1.875277576309971295e+01
1.875277666165466783e+01
1.875277771383748870e+01
1.875277776351546066e+01
1.875389738980407373e+01
1.875390229639954498e+01
1.875390238790849651e+01
1.875390332514540859e+01
1.875390406056829562e+01
1.876107011439912142e+01
1.876107449294416085e+01
1.876107484584771612e+01
1.876107536765949746e+01
1.876107800028026062e+01
1.876337377610433776e+01
1.876337506966697077e+01
1.876337638864071877e+01
1.876337790139344719e+01
1.876338618539841363e+01
1.877240257219624198e+01
1.877240646218805864e+01
1.877240792484011678e+01
1.877241000057531295e+01
1.877241232921331360e+01
1.877662067385129774e+01
1.877662234163003063e+01
1.877662346988403286e+01
1.877662730943978531e+01
1.877662823406801351e+01
1.878022360466455964e+01
1.878022455488219222e+01
1.878022708066652058e+01
1.878023183796462448e+01
1.878023545734717104e+01
1.878229331294237880e+01
1.878229374730094037e+01
1.878229485960914147e+01
1.878229874705968783e+01
1.878229931427193478e+01
1.878364425564166496e+01
1.878364774495358702e+01
1.878365283007807207e+01
1.878365397067620535e+01
1.878365874035726790e+01
1.878581808029929689e+01
1.878581891015134886e+01
1.878581977545031023e+01
1.878582050310819085e+01
1.878582174983303688e+01
1.881783426741239040e+01
1.881783488141502403e+01
1.881783508803549765e+01
1.881783624315505676e+01
1.881783634849925946e+01
1.882376498915400376e+01
1.882376592171183916e+01
1.882376842924126237e+01
1.882377326671249307e+01
1.882377549880469658e+01
1.883556595773272946e+01
1.883556995544334711e+01
1.883557007442302123e+01
1.883557064004433101e+01
1.883557454406156495e+01
1.886314428613903971e+01
1.886314496628014936e+01
1.886314645758495701e+01
1.886314680351345885e+01
1.886314692935672710e+01
1.886380120592877674e+01
1.886380534521600794e+01
1.886381125102241896e+01
1.886381262621371846e+01
1.886381283226697292e+01
1.886485843822052288e+01
1.886486027080243133e+01
1.886486337844247174e+01
1.886486406085397860e+01
1.886487026980042359e+01
1.886784150257787118e+01
1.886784705198237333e+01
1.886784762617347511e+01
1.886784827794096842e+01
1.886785443238313675e+01
1.888566514261279394e+01
1.888566939912377052e+01
1.888566950116410226e+01
1.888567021876904306e+01
1.888567218358404176e+01
1.890338821675627301e+01
1.890338981439307986e+01
1.890339026866344696e+01
1.890339047746197210e+01
1.890339072817890198e+01
1.890884254566100964e+01
1.890884660439393272e+01
1.890884770589154584e+01
1.890884823599258979e+01
1.890884885190264697e+01
1.891207609578070503e+01
1.891207658219212817e+01
1.891207738514994574e+01
1.891207915160572739e+01
1.891208084439679027e+01
1.893514298331280088e+01
1.893514301361888386e+01
1.893514372156440828e+01
1.893514493828077150e+01
1.893514871621028561e+01
1.895867417150524048e+01
1.895867696727015783e+01
1.895867788457307057e+01
1.895867959968204275e+01
1.895868108921873230e+01
