3.758691548903687174e+00
3.758693211662798017e+00
3.758697880237250821e+00
3.758703244218676520e+00
3.758705078427941881e+00
3.763916272262175511e+00
3.763918340307078836e+00
3.763919353599382678e+00
3.763919867133199482e+00
3.763922166743090436e+00
3.780877968739536410e+00
3.780878763171335422e+00
3.780884463508505711e+00
3.780885135057662882e+00
3.780888054253920938e+00
3.811329134173537359e+00
3.811329303090984055e+00
3.811329583727967929e+00
3.811329803178938658e+00
3.811330127370234244e+00
3.830443295037794904e+00
3.830444220309179748e+00
3.830444347122145654e+00
3.830445104501564391e+00
3.830446074192926265e+00
3.881001443596743261e+00
3.881001506273864088e+00
3.881004829499700826e+00
3.881005247265197244e+00
3.881009158711171469e+00
3.884893353658502413e+00
3.884894987422439883e+00
3.884896939714102881e+00
3.884896963228240185e+00
3.884898770946290547e+00
3.894566430156250370e+00
3.894570910857831247e+00
3.894574105971023492e+00
3.894574734178303022e+00
3.894574889625310732e+00
3.957277608786121448e+00
3.957278347892653425e+00
3.957279513630544532e+00
3.957279713199461035e+00
3.957280155536121669e+00
4.011051616147566001e+00
4.011054079129325878e+00
4.011054833494551275e+00
4.011056063956224271e+00
4.011056259727603823e+00
4.035253359022205721e+00
4.035258272638816202e+00
4.035259283106849892e+00
4.035261071318682724e+00
4.035261577271046285e+00
4.044113280769964014e+00
4.044115266470529768e+00
4.044118439276969568e+00
4.044125308815244679e+00
4.044125338759915422e+00
4.126773751261389123e+00
4.126777567570124816e+00
4.126779408158377294e+00
4.126780229294988445e+00
4.126785557501141177e+00
4.168008015587302495e+00
4.168012518899145924e+00
4.168014525994361286e+00
4.168015271193232785e+00
4.168020920005081287e+00
4.195874117511153578e+00
4.195875318762462669e+00
4.195876077912692459e+00
4.195877023412387885e+00
4.195878167213629162e+00
4.213038409200657419e+00
4.213040284426437410e+00
4.213042828562272746e+00
4.213043038161371712e+00
4.213044672229337095e+00
4.232473082607850934e+00
4.232476037439550254e+00
4.232477073050721295e+00
4.232477556632757931e+00
4.232478805546460165e+00
4.333734380012231213e+00
4.333735183810842884e+00
4.333736279574473826e+00
4.333739203666967299e+00
4.333742866887698497e+00
4.345696490656013822e+00
4.345699182283559558e+00
4.345702449478104690e+00
4.345704920182685171e+00
4.345708279636357751e+00
4.360918714686161657e+00
4.360922064346025806e+00
4.360926451948025750e+00
4.360930294788028405e+00
4.360933907284080924e+00
4.363135531083122132e+00
4.363135577242586827e+00
4.363137809088775576e+00
4.363139999255123413e+00
4.363140437815404837e+00
4.387317987939784558e+00
4.387319544015455541e+00
4.387322710332578701e+00
4.387324118696953157e+00
4.387324245197749661e+00
4.393988587934656742e+00
4.393990255667392653e+00
4.393991343835351948e+00
4.393992615389788803e+00
4.393993427316432054e+00
4.411398659540985534e+00
4.411399761742298864e+00
4.411400750747999311e+00
4.411402430758273319e+00
4.411403285701728905e+00
4.861616741064643143e+00
4.861617572804344256e+00
4.861620223855418033e+00
4.861620811673819098e+00
4.861622124034322923e+00
4.889129011623646548e+00
4.889129464955904503e+00
4.889130706506015223e+00
4.889130897143172838e+00
4.889131695863796701e+00
4.925290627394488752e+00
4.925291183280436691e+00
4.925291906131046282e+00
4.925294360451970554e+00
4.925295279544160465e+00
4.932520009467777911e+00
4.932521585609129566e+00
4.932521812703924091e+00
4.932524105364311851e+00
4.932529505294417582e+00
4.986044888466207858e+00
4.986045248099941318e+00
4.986046173081432720e+00
4.986049789903827190e+00
4.986054569456697116e+00
5.030791532870349414e+00
5.030793118902823657e+00
5.030793334862802446e+00
5.030794114978270670e+00
5.030794566517301725e+00
5.059499628550237382e+00
5.059505241483597260e+00
5.059508855155805840e+00
5.059510294425737520e+00
5.059513656182775598e+00
5.139537203143878408e+00
5.139539023171241894e+00
5.139541339555505850e+00
5.139542164308023686e+00
5.139544638010258737e+00
5.161843500630371118e+00
5.161846098064141408e+00
5.161848217402368100e+00
5.161851727490823549e+00
5.161851806144767352e+00
5.184076050763529508e+00
5.184081739199335459e+00
5.184082036522956294e+00
5.184083629080455502e+00
5.184086219055390465e+00
5.186735770655760192e+00
5.186736669024175406e+00
5.186737027476908679e+00
5.186738269548599511e+00
5.186738447319278578e+00
5.189314859776770206e+00
5.189315152445455048e+00
5.189315160317399922e+00
5.189315693749995795e+00
5.189316720282160844e+00
5.196058980506283120e+00
5.196060408357469740e+00
5.196060729562348435e+00
5.196061608535832654e+00
5.196062599238003621e+00
5.199283263229654395e+00
5.199283330210040077e+00
5.199283941419240662e+00
5.199285650375442991e+00
5.199286418096236595e+00
5.207485351866099954e+00
5.207488378806044871e+00
5.207488914428910931e+00
5.207492160320551733e+00
5.207495137136472607e+00
5.212735881223984791e+00
5.212740825947516754e+00
5.212742497284899024e+00
5.212745672848428491e+00
5.212749894729269862e+00
5.245570791391534371e+00
5.245573110395088001e+00
5.245575040079018869e+00
5.245576205356281996e+00
5.245577848569212165e+00
5.266543727142118492e+00
5.266545892575131838e+00
5.266546057607395248e+00
5.266551597573121413e+00
5.266553329854355425e+00
5.284148923677302712e+00
5.284149902018299372e+00
5.284150549643716666e+00
5.284151631444729880e+00
5.284153200333993716e+00
5.320688713052097896e+00
5.320689071032060014e+00
5.320691971999506720e+00
5.320692911238159795e+00
5.320697914691267627e+00
5.332616106049638205e+00
5.332616290911995627e+00
5.332616353104731033e+00
5.332618120998352751e+00
5.332619853524157350e+00
5.339190025134898043e+00
5.339191831166960611e+00
5.339196865831039140e+00
5.339198564775429645e+00
5.339201330629891551e+00
5.356327040146074303e+00
5.356327842262831318e+00
5.356327966443054756e+00
5.356329202252228860e+00
5.356329618255396774e+00
5.382850884159805283e+00
5.382852138457826285e+00
5.382855209106037542e+00
5.382857648071328605e+00
5.382860149818124107e+00
5.421700481186691789e+00
5.421702609669772244e+00
5.421703746729434670e+00
5.421706189577226276e+00
5.421710912073789856e+00
5.430478914580185723e+00
5.430480209972227357e+00
5.430480594247621084e+00
5.430480652520548013e+00
5.430480713214990374e+00
5.482211868890147777e+00
5.482214787957509827e+00
5.482216514257713946e+00
5.482217172859900067e+00
5.482218456063201906e+00
5.506853196826658525e+00
5.506854238864508311e+00
5.506857699823012986e+00
5.506857885754815385e+00
5.506857927802386143e+00
5.506926430469177625e+00
5.506930270722519616e+00
5.506930459030694003e+00
5.506933571353481049e+00
5.506934157178565492e+00
5.569566599664645068e+00
5.569569886948182891e+00
5.569570175417489111e+00
5.569570628387793931e+00
5.569571343945600717e+00
5.577766667834000103e+00
5.577769077731705494e+00
5.577769727964753343e+00
5.577770447087258887e+00
5.577770808988121054e+00
5.582737643647604386e+00
5.582738662887598124e+00
5.582740562053730038e+00
5.582741058100402221e+00
5.582744143035752060e+00
5.646883616553470375e+00
5.646887967810235054e+00
5.646888095101584959e+00
5.646888434120158173e+00
5.646890050966106855e+00
5.654747964816822403e+00
5.654750951447818252e+00
5.654752404783078390e+00
5.654754254651567891e+00
5.654759060587815078e+00
5.670217487901147102e+00
5.670218017157718116e+00
5.670219142026170722e+00
5.670222249973981832e+00
5.670223729942231117e+00
5.697798866492217229e+00
5.697801208931389638e+00
5.697803029528134999e+00
5.697806421255464215e+00
5.697807789509928611e+00
5.732393598855542116e+00
5.732395470603890431e+00
5.732397169500732304e+00
5.732399488913870300e+00
5.732400876116394706e+00
5.754554317008399700e+00
5.754554695056778080e+00
5.754555408595872557e+00
5.754556756736351808e+00
5.754556860089228287e+00
5.754663188962496179e+00
5.754667143189083234e+00
5.754668166749495661e+00
5.754668628140112041e+00
5.754668639270205333e+00
5.807848738087106000e+00
5.807849299981878488e+00
5.807849690091851258e+00
5.807853599101823860e+00
5.807853612876274774e+00
5.844742925920694887e+00
5.844744785411934984e+00
5.844744834969273661e+00
5.844745630401720682e+00
5.844746091029104917e+00
5.852207565910490850e+00
5.852207790312984770e+00
5.852209626893076333e+00
5.852214696565737562e+00
5.852215211234119252e+00
5.881088912352881337e+00
5.881091292702400608e+00
5.881093983622434962e+00
5.881095292018317267e+00
5.881096157868871188e+00
5.881656134193838703e+00
5.881658574543408236e+00
5.881658724569116536e+00
5.881660334199859008e+00
5.881660636410434684e+00
5.885007372246869650e+00
5.885010134723644093e+00
5.885010792335049423e+00
5.885011130499245624e+00
5.885013522040540401e+00
5.891837614233779163e+00
5.891838063168403750e+00
5.891839976450480520e+00
5.891841331145976746e+00
5.891843056633468301e+00
5.899471580184109776e+00
5.899475418967350393e+00
5.899476814845533212e+00
5.899478329962742684e+00
5.899479106438128007e+00
5.900479813888019898e+00
5.900484520452536685e+00
5.900485081381021679e+00
5.900486200983779739e+00
5.900486973030276694e+00
5.903965782531264139e+00
5.903966725456707643e+00
5.903967809143271239e+00
5.903969067161514594e+00
5.903969375911430006e+00
5.914339805844774922e+00
5.914340895095580919e+00
5.914344145296248634e+00
5.914345381079802344e+00
5.914345657686908453e+00
5.938068591537151164e+00
5.938071843906909564e+00
5.938072637977747092e+00
5.938074488072711432e+00
5.938081564554329894e+00
5.938432965665269236e+00
5.938433133613613357e+00
5.938435287413680541e+00
5.938435383044931015e+00
5.938436823828304512e+00
5.939388297257555571e+00
5.939388309321087966e+00
5.939390696595063801e+00
5.939390759505557504e+00
5.939391308619090815e+00
5.940008029119152155e+00
5.940008220036400388e+00
5.940009619689180731e+00
5.940009718039189757e+00
5.940014470260152279e+00
5.967987926102062524e+00
5.967988059187115724e+00
5.967990404700731055e+00
5.967991103763475635e+00
5.967992880340927897e+00
5.971542430645535582e+00
5.971542562345176997e+00
5.971547217488949677e+00
5.971548207784979745e+00
5.971556727227834926e+00
5.979164911833424689e+00
5.979166345946564931e+00
5.979166437966081382e+00
5.979166493383504921e+00
5.979167400541649968e+00
5.999081040242747243e+00
5.999081793458062251e+00
5.999081971051904105e+00
5.999082454992596958e+00
5.999082828057969330e+00
5.999304386318467408e+00
5.999305095525647502e+00
5.999305347829863244e+00
5.999307392874614564e+00
5.999308441045518414e+00
6.004873106419485573e+00
6.004877246355666109e+00
6.004879230384238653e+00
6.004883938512051600e+00
6.004884051353530872e+00
6.029346250929697781e+00
6.029346621558592467e+00
6.029350331768754678e+00
6.029352084104890430e+00
6.029353668694515278e+00
6.038516337073206230e+00
6.038522385401912551e+00
6.038522728921370764e+00
6.038523561161288633e+00
6.038525870823110431e+00
6.054510057543880386e+00
6.054511763519830225e+00
6.054515284488099169e+00
6.054515849950348638e+00
6.054518599690648095e+00
6.079283042892476452e+00
6.079283829300949016e+00
6.079285547101732412e+00
6.079286043755467439e+00
6.079287809094088502e+00
6.079726157492622463e+00
6.079726904639714213e+00
6.079732906551076788e+00
6.079733342030717580e+00
6.079737635301378340e+00
6.110879789735680134e+00
6.110883400409470312e+00
6.110884728891553763e+00
6.110885279801937742e+00
6.110887832541194165e+00
6.114041201742101528e+00
6.114043062900358372e+00
6.114044200625311731e+00
6.114044890577758906e+00
6.114047815629184868e+00
6.140455448466343391e+00
6.140456903537390154e+00
6.140461340925451594e+00
6.140461667895990239e+00
6.140464177902187792e+00
6.153187758333073631e+00
6.153190973771251571e+00
6.153195597354272905e+00
6.153196309268866848e+00
6.153196310910288958e+00
6.197767556862713079e+00
6.197769431384164918e+00
6.197771644284742365e+00
6.197773834321480990e+00
6.197775264149225194e+00
6.200748809950295204e+00
6.200750518171167514e+00
6.200751815433350522e+00
6.200752961447505207e+00
6.200753978033638703e+00
6.221272294402488079e+00
6.221274832331391558e+00
6.221280523798940365e+00
6.221283421778822209e+00
6.221283794435035652e+00
6.334063754589149831e+00
6.334063767606069817e+00
6.334065355022791444e+00
6.334066847247509457e+00
6.334070476952399886e+00
6.369290981930406659e+00
6.369298147731820237e+00
6.369299230480540253e+00
6.369303541604843133e+00
6.369304171736501097e+00
6.446862058691809949e+00
6.446862639043893672e+00
6.446863952139830545e+00
6.446864087577774960e+00
6.446872889967663944e+00
6.449668770541631346e+00
6.449672953080644255e+00
6.449675240203958992e+00
6.449676549068177778e+00
6.449676844315535007e+00
6.454984617448751294e+00
6.454985084521884353e+00
6.454985769232957971e+00
6.454987601304901013e+00
6.454988421414867616e+00
6.499740421093752829e+00
6.499741632557404891e+00
6.499744499270721398e+00
6.499744702171001087e+00
6.499745306433167613e+00
6.513346450404736920e+00
6.513347734199363970e+00
6.513348101821367031e+00
6.513350370600371697e+00
6.513351848602990657e+00
6.535519681899826239e+00
6.535524815613510619e+00
6.535526846169328330e+00
6.535529016850894379e+00
6.535529885556336183e+00
6.584986193394789744e+00
6.584986368657114397e+00
6.584988834318552087e+00
6.584991293737600948e+00
6.584991542864729652e+00
6.593105007566617104e+00
6.593108021123270213e+00
6.593114645605671065e+00
6.593118338934923273e+00
6.593123006754840532e+00
6.609013039017248126e+00
6.609014356808434520e+00
6.609016751628035813e+00
6.609017496375689582e+00
6.609018524493634139e+00
6.618467650302448213e+00
6.618473621168252663e+00
6.618477126356181905e+00
6.618477449942698598e+00
6.618478725296320420e+00
6.623591643896836523e+00
6.623593843986811613e+00
6.623594446627902421e+00
6.623595189698718855e+00
6.623596309158642725e+00
6.624182592969491523e+00
6.624186087867700579e+00
6.624186694123286756e+00
6.624186861087178357e+00
6.624189228116902584e+00
6.646290624716918671e+00
6.646294967611654947e+00
6.646296919593647878e+00
6.646298192076549149e+00
6.646298282811267555e+00
6.663818673711042528e+00
6.663821392309371205e+00
6.663823134305111751e+00
6.663823220539391912e+00
6.663824678260976242e+00
6.683603096010414468e+00
6.683603252692368102e+00
6.683604160765357349e+00
6.683606694786879743e+00
6.683611056562163810e+00
6.700277742847680074e+00
6.700278228640956790e+00
6.700278660473757419e+00
6.700279493095791850e+00
6.700280674150897120e+00
6.759828663782832869e+00
6.759829246763560562e+00
6.759832535159432609e+00
6.759833849577960407e+00
6.759835079304818528e+00
6.772112309981280553e+00
6.772112507696545158e+00
6.772113184649234618e+00
6.772113911172787937e+00
6.772114815137143751e+00
6.789336577096468872e+00
6.789337134794529938e+00
6.789337888910817576e+00
6.789338485699472514e+00
6.789342457572750789e+00
6.823895252800998179e+00
6.823896892597367092e+00
6.823899050733386318e+00
6.823902657761172996e+00
6.823906001147729050e+00
6.832598489147449605e+00
6.832601973084631908e+00
6.832601995587039845e+00
6.832603961338604925e+00
6.832607000735516856e+00
6.865494891164074076e+00
6.865495424927468449e+00
6.865498213443800068e+00
6.865499598936700920e+00
6.865503660861306479e+00
7.316463217538921704e+00
7.316463634762356172e+00
7.316464481797201991e+00
7.316464744109684837e+00
7.316466480515029680e+00
7.332315778722299449e+00
7.332316967944034758e+00
7.332319242920346092e+00
7.332319988441584613e+00
7.332323905720477875e+00
7.372858804310577163e+00
7.372858825564205354e+00
7.372860504220867917e+00
7.372860666023737686e+00
7.372861324140037809e+00
7.373149802608108594e+00
7.373152091670156061e+00
7.373155100355613278e+00
7.373155199811001204e+00
7.373156448916568628e+00
7.396377462711053674e+00
7.396381951494933382e+00
7.396383377502818490e+00
7.396383412377971034e+00
7.396386191620878847e+00
7.407668318398171081e+00
7.407668627942262773e+00
7.407670787629537124e+00
7.407672000520810762e+00
7.407674107316007728e+00
7.436916739691254108e+00
7.436917883592637502e+00
7.436918798924725849e+00
7.436920341989686989e+00
7.436920480971946468e+00
7.458670543803366471e+00
7.458672543991993642e+00
7.458673262296721340e+00
7.458674485416293187e+00
7.458679054437186373e+00
7.467068751183425945e+00
7.467069081272786235e+00
7.467070408942183768e+00
7.467073032514145225e+00
7.467076798004690374e+00
7.473434977913436583e+00
7.473437049035737800e+00
7.473438642358682493e+00
7.473438834418864474e+00
7.473447139212265888e+00
7.509433038678752226e+00
7.509436217167039018e+00
7.509437421631530718e+00
7.509444422152680154e+00
7.509445395806538137e+00
7.523650578761616359e+00
7.523650975563659138e+00
7.523653262783978057e+00
7.523654632477490445e+00
7.523659512763718915e+00
7.542761704017966196e+00
7.542763844758763270e+00
7.542764815967683667e+00
7.542768078053309289e+00
7.542769952345093287e+00
7.580661411150084739e+00
7.580664830481558703e+00
7.580670495807082965e+00
7.580671416339056279e+00
7.580671548972425455e+00
7.606228852289418363e+00
7.606230220904440564e+00
7.606231516335799192e+00
7.606234091914342521e+00
7.606237784470059715e+00
7.616826158263033442e+00
7.616828644107729751e+00
7.616831623332631196e+00
7.616832801269828757e+00
7.616835462060342898e+00
7.648813171871829297e+00
7.648815967108895997e+00
7.648816038191792899e+00
7.648820658382573079e+00
7.648822303296109126e+00
7.658872227723870552e+00
7.658874881932725032e+00
7.658875808217548098e+00
7.658876366713331940e+00
7.658878667050418088e+00
7.666030858403845905e+00
7.666032235478794199e+00
7.666032395215924389e+00
7.666032758011148474e+00
7.666037298454789095e+00
7.667163640421404303e+00
7.667164414527706917e+00
7.667165261353115824e+00
7.667165908867500157e+00
7.667166454649331442e+00
7.670748352136184778e+00
7.670749126982318700e+00
7.670749637590840386e+00
7.670749809594886948e+00
7.670749842062378754e+00
7.671102851787349408e+00
7.671109904498828236e+00
7.671109927266066997e+00
7.671110053303889842e+00
7.671111525580894153e+00
7.679736229643567391e+00
7.679739292801547101e+00
7.679739834532157694e+00
7.679740339868269317e+00
7.679740357831115638e+00
7.691069496168917219e+00
7.691070950316347243e+00
7.691073353804395829e+00
7.691077014703466830e+00
7.691077712239032138e+00
7.702077821218116682e+00
7.702077822880005087e+00
7.702079250312865000e+00
7.702080359961198219e+00
7.702084672567552026e+00
7.702323853091352035e+00
7.702323896870346687e+00
7.702325889554401783e+00
7.702326167113413113e+00
7.702327149803493533e+00
7.705539161551253180e+00
7.705539924638636684e+00
7.705541413126010930e+00
7.705541496358318199e+00
7.705542837698067693e+00
7.710596642945343859e+00
7.710599277111994887e+00
7.710600734741748674e+00
7.710601430459234962e+00
7.710604297829061871e+00
7.736247959146604458e+00
7.736248471662475090e+00
7.736251117860640569e+00
7.736251751294034307e+00
7.736252214283088513e+00
7.741807155251285266e+00
7.741809327734700652e+00
7.741814559578394039e+00
7.741814576202403764e+00
7.741820794083264623e+00
7.743552287613225893e+00
7.743554208249594950e+00
7.743555876527268289e+00
7.743557092731996327e+00
7.743558019909193568e+00
7.765226988317856183e+00
7.765227048328980253e+00
7.765231614607512434e+00
7.765233163150995210e+00
7.765234040961031425e+00
7.781190588014149867e+00
7.781191436746688339e+00
7.781193173768402360e+00
7.781193194793456058e+00
7.781193312712388455e+00
7.829584418562712145e+00
7.829585479027609374e+00
7.829585928348956614e+00
7.829587140756529173e+00
7.829587939055285162e+00
7.849546035083813322e+00
7.849552776649126429e+00
7.849556794099906476e+00
7.849556804036774693e+00
7.849565628326195643e+00
7.867499450537001060e+00
7.867500738570032404e+00
7.867500989475629147e+00
7.867501863444330112e+00
7.867504282566359031e+00
7.868290126151933350e+00
7.868290772111818043e+00
7.868293373229037435e+00
7.868293918410776300e+00
7.868299117070981730e+00
7.878451421294669466e+00
7.878451902912146032e+00
7.878452207388198403e+00
7.878456900358089321e+00
7.878458395549220228e+00
7.908314235189443764e+00
7.908315999035444577e+00
7.908316902451494101e+00
7.908316973370503433e+00
7.908319599516700826e+00
7.914504134315679451e+00
7.914505520334166100e+00
7.914507516213500793e+00
7.914507877562571458e+00
7.914508673531162053e+00
7.925068865063571444e+00
7.925070251858969073e+00
7.925075044193587992e+00
7.925076779628069445e+00
7.925077491293067489e+00
7.926592886789380898e+00
7.926593968887267749e+00
7.926594999550563792e+00
7.926595034193432809e+00
7.926597037853001737e+00
7.942757059988678314e+00
7.942758414814087509e+00
7.942759523673116107e+00
7.942760184098472287e+00
7.942762042822383073e+00
7.960560879492097008e+00
7.960564754720610203e+00
7.960565385555224971e+00
7.960569576493883304e+00
7.960570390298675747e+00
7.961601503026887627e+00
7.961602843956735676e+00
7.961603538421138104e+00
7.961604449569193775e+00
7.961608182408878243e+00
7.997010381848956406e+00
7.997013125323729987e+00
7.997014182555886919e+00
7.997017902349599972e+00
7.997023051742441879e+00
8.027735852119201709e+00
8.027736188079426682e+00
8.027736883412408986e+00
8.027739493244659741e+00
8.027741608565886366e+00
8.047210277736004613e+00
8.047210608428239098e+00
8.047211081070260619e+00
8.047211409482168065e+00
8.047211959194314090e+00
8.048690960926503379e+00
8.048692347971812211e+00
8.048692662967074085e+00
8.048694746069079642e+00
8.048695028002986973e+00
8.058667983016796654e+00
8.058672472789794483e+00
8.058673104748697469e+00
8.058673725402959676e+00
8.058677255610872336e+00
8.124000264217130507e+00
8.124003328562832138e+00
8.124003504153600730e+00
8.124004179651803881e+00
8.124007326898468051e+00
8.126485888955938819e+00
8.126488376291447935e+00
8.126489237069105087e+00
8.126490310152346908e+00
8.126491069594552030e+00
8.128183117942164415e+00
8.128184927676043614e+00
8.128186442509791831e+00
8.128187345853932655e+00
8.128189493608033445e+00
8.163586543143891205e+00
8.163588653018964081e+00
8.163589445985142135e+00
8.163591409471690596e+00
8.163592063650657593e+00
8.187858052830423006e+00
8.187858909348646463e+00
8.187859733697200326e+00
8.187861433921558074e+00
8.187863529358558878e+00
8.205318629236771244e+00
8.205319242034400773e+00
8.205321480191987149e+00
8.205322570782941582e+00
8.205325625226581820e+00
8.239454105715985577e+00
8.239454828967751610e+00
8.239455340506435022e+00
8.239456726198639558e+00
8.239457053890141935e+00
8.255545982937771754e+00
8.255546004838201668e+00
8.255547126926233048e+00
8.255548954666792838e+00
8.255553989581802199e+00
8.258870388897019410e+00
8.258871045039994030e+00
8.258871501567270457e+00
8.258871521927193982e+00
8.258871847782844000e+00
8.309297931624547218e+00
8.309303750808487266e+00
8.309308267268702863e+00
8.309308703767120718e+00
8.309311876112245088e+00
8.311702169652132710e+00
8.311706776059896384e+00
8.311707082928272428e+00
8.311708674839367816e+00
8.311708705494918803e+00
8.323637078308978587e+00
8.323637385812768130e+00
8.323638992363857625e+00
8.323641419054522927e+00
8.323648606350461776e+00
8.326109982602920567e+00
8.326111380566560527e+00
8.326112943775143549e+00
8.326115987740022817e+00
8.326116011736804268e+00
8.337985541010491275e+00
8.337986230649461206e+00
8.337988395680339337e+00
8.337990280187426606e+00
8.337990687911565502e+00
8.352017723388762249e+00
8.352018961807976538e+00
8.352020461690694120e+00
8.352023085989404905e+00
8.352026182466145698e+00
8.391870980776577227e+00
8.391873607609925401e+00
8.391874385147813697e+00
8.391874667897514684e+00
8.391880757517947487e+00
8.440241333101797139e+00
8.440241456368413608e+00
8.440243008557278159e+00
8.440244781746558900e+00
8.440245415567014575e+00
8.458828689848258975e+00
8.458830083823649204e+00
8.458831061618385050e+00
8.458831784342327964e+00
8.458835351246648315e+00
8.464048736662615369e+00
8.464050645766482361e+00
8.464052080038261039e+00
8.464052227130926198e+00
8.464055790322980499e+00
8.522570686371571114e+00
8.522578528362176442e+00
8.522578939704811063e+00
8.522578972030707689e+00
8.522580116613747592e+00
8.593287272545937938e+00
8.593288270301421505e+00
8.593290785263814513e+00
8.593292002009473407e+00
8.593297858220672936e+00
8.604497669858480080e+00
8.604498926334990472e+00
8.604500585594728079e+00
8.604502217292990807e+00
8.604506257502517741e+00
8.611737845255159840e+00
8.611738996399044055e+00
8.611740636363824919e+00
8.611741643744313279e+00
8.611741899319788729e+00
8.613769767604658512e+00
8.613770765141131491e+00
8.613771439596016322e+00
8.613771710841888307e+00
8.613772279489397832e+00
8.625411010375099607e+00
8.625414842974221230e+00
8.625418936434334327e+00
8.625419084114115620e+00
8.625422060589267303e+00
8.628683014579918265e+00
8.628684269330985757e+00
8.628685790530330024e+00
8.628686032143017215e+00
8.628691629876454883e+00
8.639436368664334509e+00
8.639437595798698410e+00
8.639438097920487891e+00
8.639438347039694932e+00
8.639439354946592431e+00
8.649017401901790691e+00
8.649023130793441538e+00
8.649023768171758775e+00
8.649026399797840270e+00
8.649027031944113375e+00
8.651905608367442824e+00
8.651905895356236442e+00
8.651906346609399279e+00
8.651906988150068756e+00
8.651909222645599584e+00
8.657658041907176028e+00
8.657658919858183921e+00
8.657658962993401985e+00
8.657659995847605927e+00
8.657660973692605566e+00
8.662869548648416185e+00
8.662870043074640591e+00
8.662871331452407730e+00
8.662871890366382388e+00
8.662873132633308160e+00
8.663448478925698026e+00
8.663451168362410471e+00
8.663451275473303070e+00
8.663452803894069021e+00
8.663455367571302190e+00
8.679989314284895841e+00
8.679990515029379239e+00
8.679994501991346922e+00
8.679995532423966154e+00
8.679998963709614657e+00
8.689301685164348754e+00
8.689302036446886035e+00
8.689304114605496565e+00
8.689304829875633018e+00
8.689309458996151037e+00
8.706908638965956015e+00
8.706909336435058933e+00
8.706911646973340524e+00
8.706913331106495235e+00
8.706920641535672800e+00
8.721966969285082527e+00
8.721971213630551389e+00
8.721973832602342824e+00
8.721974640148866698e+00
8.721977305920944445e+00
8.756716452563711783e+00
8.756716756027913107e+00
8.756717859198161591e+00
8.756718213040771914e+00
8.756723675833333331e+00
8.762949712174547656e+00
8.762950787993732504e+00
8.762953475295871542e+00
8.762954819768271619e+00
8.762956265872837491e+00
8.775892116867664683e+00
8.775893396378513955e+00
8.775893726760823910e+00
8.775893974251284035e+00
8.775894266062005400e+00
8.781225895539870763e+00
8.781229921400532490e+00
8.781231256947968689e+00
8.781233251747728730e+00
8.781233633157699003e+00
8.784499352780441583e+00
8.784500228851952031e+00
8.784501090642541143e+00
8.784505188495252526e+00
8.784506766091082497e+00
8.787725915576794833e+00
8.787726496802230614e+00
8.787733565863272034e+00
8.787733826476539889e+00
8.787737979542857403e+00
8.797519015557737632e+00
8.797521660393908149e+00
8.797521889367482473e+00
8.797522156113050329e+00
8.797523924383497729e+00
8.802842409165348769e+00
8.802842594031771384e+00
8.802847699153950600e+00
8.802850445372794042e+00
8.802853433143141615e+00
8.855399199945759747e+00
8.855401319223201284e+00
8.855402908535555895e+00
8.855404042933331610e+00
8.855405279940606889e+00
8.868869899479864927e+00
8.868870855492259508e+00
8.868871530160982175e+00
8.868875842213599370e+00
8.868879657515936543e+00
8.882123426720660575e+00
8.882124721900723330e+00
8.882126943896940574e+00
8.882128919966204350e+00
8.882129096218990938e+00
8.928031809183925915e+00
8.928032300602412263e+00
8.928034418230026859e+00
8.928035068104291483e+00
8.928036266878624616e+00
8.928072566035739399e+00
8.928073946512762760e+00
8.928075160044297576e+00
8.928075446657022241e+00
8.928076133910373358e+00
8.941709268842284786e+00
8.941710077250325739e+00
8.941712795298226268e+00
8.941716070604121214e+00
8.941717535334026579e+00
8.946001661686631579e+00
8.946001676888954535e+00
8.946001751710088712e+00
8.946003083886122198e+00
8.946006359605384262e+00
9.004882388410189620e+00
9.004882784945065666e+00
9.004885669796147241e+00
9.004886867756862756e+00
9.004888559965637640e+00
9.038279500131647382e+00
9.038279810683004456e+00
9.038281504517327036e+00
9.038283536789492700e+00
9.038287850240221744e+00
9.064118106170065303e+00
9.064118232508885598e+00
9.064119105114405883e+00
9.064125019989520027e+00
9.064126825425603329e+00
9.084004880172621199e+00
9.084004880739550813e+00
9.084005693250086111e+00
9.084006910747040919e+00
9.084007790540471916e+00
9.142650204497599020e+00
9.142654326775129903e+00
9.142655652850542936e+00
9.142655783895618171e+00
9.142655932982494349e+00
9.162328560666223254e+00
9.162332772678583481e+00
9.162333288573384138e+00
9.162336008082219152e+00
9.162336908502110688e+00
9.166084733178065491e+00
9.166087265643939830e+00
9.166088116955892318e+00
9.166090399041458170e+00
9.166100992434024874e+00
9.186031710727979416e+00
9.186034404170277057e+00
9.186034413156745515e+00
9.186035403856225301e+00
9.186038561213424103e+00
9.197343283171505846e+00
9.197344401369342393e+00
9.197345797897346742e+00
9.197346298976679435e+00
9.197348887076101320e+00
9.198482431173090390e+00
9.198485485257885230e+00
9.198487176590507630e+00
9.198488258322669253e+00
9.198489039499911257e+00
9.229060511292576763e+00
9.229060629625314149e+00
9.229061908590709962e+00
9.229065191328967188e+00
9.229066460233125824e+00
9.237828077816775618e+00
9.237831430406163946e+00
9.237832289438902222e+00
9.237832352180895157e+00
9.237834346750323888e+00
9.253516340797155237e+00
9.253517652066159727e+00
9.253517798686075935e+00
9.253526387821024102e+00
9.253529610164976660e+00
9.271047483715095794e+00
9.271048867598532084e+00
9.271049282778083267e+00
9.271050076350576319e+00
9.271050619762574385e+00
9.293421602644528434e+00
9.293423082465363194e+00
9.293424812247634392e+00
9.293426580255530922e+00
9.293436715322270558e+00
9.297662814282952937e+00
9.297663233361380009e+00
9.297663284664592354e+00
9.297665459726973225e+00
9.297667445192907110e+00
9.301465096671599042e+00
9.301466000980704862e+00
9.301467147987997564e+00
9.301467549172011573e+00
9.301473380438178395e+00
9.397324838324999874e+00
9.397324972836685220e+00
9.397326522506281421e+00
9.397329855980366631e+00
9.397332299759330709e+00
9.458190581427295740e+00
9.458192156575165654e+00
9.458195057440928366e+00
9.458197200709022923e+00
9.458199357768897642e+00
9.475210380719785164e+00
9.475210881711287669e+00
9.475211876966129765e+00
9.475212156722399470e+00
9.475213821012165027e+00
9.495982889101053814e+00
9.495983265828767728e+00
9.495984143531412514e+00
9.495985514468731736e+00
9.495987685991384097e+00
9.523927441770016600e+00
9.523930077909014358e+00
9.523930536821442416e+00
9.523933765277876162e+00
9.523935649205112597e+00
9.600330124105107998e+00
9.600330668372833998e+00
9.600332221267136035e+00
9.600335150639272896e+00
9.600336093080283462e+00
9.637550566710402222e+00
9.637556917009620250e+00
9.637557460150365074e+00
9.637559179216490080e+00
9.637561065902513491e+00
9.651885096026578736e+00
9.651889735932543957e+00
9.651890872072684147e+00
9.651894702974127327e+00
9.651897510904266397e+00
9.660961789356173668e+00
9.660963293471308333e+00
9.660963368743304969e+00
9.660969085500687115e+00
9.660974516367383913e+00
9.677572226886244522e+00
9.677575462304595533e+00
9.677575747086663682e+00
9.677576805058174969e+00
9.677580498662877062e+00
9.684508004132167613e+00
9.684509408684570886e+00
9.684509659481991051e+00
9.684515534842203621e+00
9.684516542264770322e+00
9.700109306445986235e+00
9.700110312352121511e+00
9.700110320449969237e+00
9.700113242818353854e+00
9.700116997010912456e+00
9.740195608821212048e+00
9.740196252735362492e+00
9.740197758788063709e+00
9.740198506165057779e+00
9.740199227875168120e+00
9.760575482798131475e+00
9.760576665392264317e+00
9.760576856467038098e+00
9.760578170897460382e+00
9.760578421717639230e+00
9.762685363213341461e+00
9.762687047928967132e+00
9.762687675210141691e+00
9.762688737668531402e+00
9.762691462547609333e+00
9.844215368941295452e+00
9.844218365462033660e+00
9.844219585213446422e+00
9.844219622326596308e+00
9.844219666032447691e+00
9.845314045097799394e+00
9.845314069799906420e+00
9.845316872066637970e+00
9.845320504610299395e+00
9.845320954951137793e+00
9.872425610223659831e+00
9.872425826690218287e+00
9.872427463005237769e+00
9.872428667020088255e+00
9.872430527332163308e+00
9.895227862075739012e+00
9.895229029370668172e+00
9.895230181461165841e+00
9.895232473777459958e+00
9.895235317308021195e+00
9.895435336032466722e+00
9.895436364471249746e+00
9.895437762529761372e+00
9.895438801639876658e+00
9.895444019436418159e+00
9.911197193911540637e+00
9.911198704324315045e+00
9.911200268610256714e+00
9.911200294278184941e+00
9.911203267615894319e+00
9.921579155220200619e+00
9.921580170960671907e+00
9.921581252270224027e+00
9.921582779808874264e+00
9.921582889297452468e+00
9.934877196070416971e+00
9.934878934828546448e+00
9.934880670219447651e+00
9.934884003218154902e+00
9.934887789819267567e+00
9.946514666962492868e+00
9.946516402037447691e+00
9.946519422230071683e+00
9.946519719821601768e+00
9.946521529142739126e+00
9.947097736053466477e+00
9.947099042338926722e+00
9.947099438982199615e+00
9.947102585305934497e+00
9.947103079595587261e+00
9.956435697296496912e+00
9.956439688267087362e+00
9.956440060146999116e+00
9.956442590815255400e+00
9.956448367329585381e+00
9.967061294704674168e+00
9.967061580094707551e+00
9.967062022727660064e+00
9.967062293173450271e+00
9.967062913060196649e+00
9.997617185254695116e+00
9.997617482745576822e+00
9.997620541808935002e+00
9.997620575641986918e+00
9.997626547296112776e+00
1.001408396492160335e+01
1.001408571711866280e+01
1.001408650965728420e+01
1.001408677443430228e+01
1.001408678924344109e+01
1.001552938776578117e+01
1.001553608764403691e+01
1.001553643131010851e+01
1.001553687791622949e+01
1.001553960421504108e+01
1.002580500984334932e+01
1.002580557033199149e+01
1.002580557434663255e+01
1.002581062614889085e+01
1.002581083253120298e+01
1.003133239742856908e+01
1.003133241105088658e+01
1.003133265293799425e+01
1.003133329149221176e+01
1.003133425748539231e+01
1.004340708910078916e+01
1.004340785185486773e+01
1.004340850880317504e+01
1.004340860963547577e+01
1.004341225846076746e+01
1.006628462658889767e+01
1.006628650435203909e+01
1.006628867717889442e+01
1.006628902490386324e+01
1.006629087585889337e+01
1.009999318002244983e+01
1.009999645668254686e+01
1.009999708683126407e+01
1.010000090633659298e+01
1.010000105961380612e+01
1.010249677655974310e+01
1.010250057739171758e+01
1.010250064113831137e+01
1.010250344796278732e+01
1.010250768328834425e+01
1.010928961581376484e+01
1.010928993203775939e+01
1.010929203956439260e+01
1.010929302153716414e+01
1.010929396334877595e+01
1.013257730767942455e+01
1.013257898658085843e+01
1.013258137752172239e+01
1.013258251008102917e+01
1.013258433145759874e+01
1.014676503500992588e+01
1.014676707038256609e+01
1.014676750486084700e+01
1.014676821194315082e+01
1.014677381555832270e+01
1.017699610679398781e+01
1.017699675254443648e+01
1.017699785375333654e+01
1.017699855067789727e+01
1.017699988089810326e+01
1.020914494837839115e+01
1.020914598534569073e+01
1.020914719213118182e+01
1.020914895178829163e+01
1.020914955081959796e+01
1.021121392921527082e+01
1.021121620878727754e+01
1.021121630561707327e+01
1.021121714695167881e+01
1.021121916995712908e+01
1.021883900389863342e+01
1.021884503943571865e+01
1.021884873281232231e+01
1.021885231892994916e+01
1.021885377096668357e+01
1.023735269626869737e+01
1.023735511685024946e+01
1.023735695029239423e+01
1.023735912873530296e+01
1.023736656347715446e+01
1.024763144454854036e+01
1.024763151018321850e+01
1.024763235168495079e+01
1.024763290391493342e+01
1.024763324303714640e+01
1.025310024283874810e+01
1.025310250668059986e+01
1.025310480435072868e+01
1.025310681565348681e+01
1.025310825717255447e+01
1.025830420287875988e+01
1.025830519033724286e+01
1.025830741963312676e+01
1.025830785615736929e+01
1.025831093105487923e+01
1.027252887991073038e+01
1.027252990300344671e+01
1.027253338668704430e+01
1.027253462893652092e+01
1.027253693095819465e+01
1.027577459459383213e+01
1.027577561330043920e+01
1.027577626366495167e+01
1.027577750619874131e+01
1.027577778658141483e+01
1.027787618067565489e+01
1.027787911355742700e+01
1.027787973217239070e+01
1.027788039407931642e+01
1.027788101462067161e+01
1.031102933754433693e+01
1.031103225153039737e+01
1.031103234767983956e+01
1.031103243310290551e+01
1.031103324535907007e+01
1.031496305590087736e+01
1.031496420155203531e+01
1.031496448131063559e+01
1.031496582200348300e+01
1.031496623929036360e+01
1.032823923325752524e+01
1.032823948260786651e+01
1.032824065680597947e+01
1.032824209594740239e+01
1.032824233763422228e+01
1.033265166236141219e+01
1.033265173613240506e+01
1.033265260251693718e+01
1.033265277189744680e+01
1.033265525274602403e+01
1.035169245179260500e+01
1.035169642014776237e+01
1.035169737003550416e+01
1.035169914786939671e+01
1.035170413443603010e+01
1.038385324852966107e+01
1.038385332814846684e+01
1.038385425950788310e+01
1.038385607609234995e+01
1.038385876351368609e+01
1.038777100921078222e+01
1.038777600545468083e+01
1.038777685133349316e+01
1.038777725616505343e+01
1.038777776692397303e+01
1.039927536618777992e+01
1.039927891651147007e+01
1.039928103232622547e+01
1.039928154711660824e+01
1.039928172514332694e+01
1.040020741846046093e+01
1.040021236522600923e+01
1.040021782184873089e+01
1.040021839295214079e+01
1.040022242615031800e+01
1.040432175454508013e+01
1.040432418052225039e+01
1.040432779931505358e+01
1.040432833355426112e+01
1.040432889361442648e+01
1.040465493872814662e+01
1.040465594981400699e+01
1.040465809476217274e+01
1.040466272378398571e+01
1.040466337463158908e+01
1.040536401366622066e+01
1.040536494686274871e+01
1.040536528071936573e+01
1.040536903490693099e+01
1.040537586794922120e+01
1.042518095652061128e+01
1.042518390962001185e+01
1.042518545800984775e+01
1.042518784277290678e+01
1.042519143462603459e+01
1.043191999859565655e+01
1.043192345498182760e+01
1.043192369810094178e+01
1.043192547811284854e+01
1.043192790490329358e+01
1.045595869303719105e+01
1.045595995204648787e+01
1.045595997825641987e+01
1.045596159693119809e+01
1.045596265845474271e+01
1.045923590241658019e+01
1.045923810767304296e+01
1.045923986745212630e+01
1.045924021558927564e+01
1.045924120118185208e+01
1.046559014533341880e+01
1.046559169714259241e+01
1.046559218511307954e+01
1.046559288639683238e+01
1.046559347871872880e+01
1.048064002370084147e+01
1.048064151847585990e+01
1.048064207687677829e+01
1.048064294400395902e+01
1.048064341540632505e+01
1.048844814940704318e+01
1.048845325096126935e+01
1.048845401545909439e+01
1.048845461992375760e+01
1.048845902909002170e+01
1.050995728415201391e+01
1.050996228723015058e+01
1.050996273413469417e+01
1.050996326367033795e+01
1.050996766397975257e+01
1.051833291578565799e+01
1.051833850619954092e+01
1.051833925436425510e+01
1.051834330454658684e+01
1.051834350709749266e+01
1.052833164546501088e+01
1.052833189148689463e+01
1.052833272284363098e+01
1.052833290295761692e+01
1.052833327129702923e+01
1.054975804241026260e+01
1.054975880266463761e+01
1.054975933780955977e+01
1.054976003727572831e+01
1.054976087439426280e+01
1.055975750930862844e+01
1.055976045327733814e+01
1.055976061525544196e+01
1.055976243961482197e+01
1.055976266963419974e+01
1.056872807889388355e+01
1.056872839732860569e+01
1.056872924857572471e+01
1.056873130439978681e+01
1.056873545155237615e+01
1.057386105174926172e+01
1.057386110645491861e+01
1.057386223690284410e+01
1.057386365168853359e+01
1.057386658715722660e+01
1.058926361997849064e+01
1.058926397013031284e+01
1.058926541634970953e+01
1.058926556126061058e+01
1.058926725960771975e+01
1.061810476731605668e+01
1.061810575532660472e+01
1.061810930575212986e+01
1.061811099675455594e+01
1.061811533122992657e+01
1.062111000713673015e+01
1.062111516435067848e+01
1.062111517471211641e+01
1.062112194367901985e+01
1.062112376081740273e+01
1.063337405824698756e+01
1.063337438087270570e+01
1.063337611153202822e+01
1.063337637474569952e+01
1.063337857306416012e+01
1.064796862974342240e+01
1.064796939045187152e+01
1.064797086794474623e+01
1.064797162265658947e+01
1.064797418117643701e+01
1.064864866546924915e+01
1.064865153062114267e+01
1.064865400701891396e+01
1.064865450526497170e+01
1.064865863942496738e+01
1.065012012636007732e+01
1.065012151834428522e+01
1.065012181839719574e+01
1.065012387238289193e+01
1.065012388486162109e+01
1.068089881145308873e+01
1.068089936290947328e+01
1.068090419998700291e+01
1.068090550978239861e+01
1.068090645553082219e+01
1.070456800074622272e+01
1.070456916942013237e+01
1.070456978396142844e+01
1.070456986252600551e+01
1.070457353497559971e+01
1.070730993265815556e+01
1.070731016808610114e+01
1.070731141862419200e+01
1.070731272723926786e+01
1.070731358426099433e+01
1.072422420382472197e+01
1.072422466753657488e+01
1.072422526034398160e+01
1.072422527224694377e+01
1.072422710340470253e+01
1.073239513639429887e+01
1.073239528762801243e+01
1.073239823864638431e+01
1.073239866662620656e+01
1.073240170180468134e+01
1.073989995316995305e+01
1.073990181519365628e+01
1.073990235170227159e+01
1.073990273071874491e+01
1.073990367048047467e+01
1.074257780379085858e+01
1.074258035152634960e+01
1.074258037733486226e+01
1.074258073134197744e+01
1.074258572263214617e+01
1.074598840209219475e+01
1.074598968732987458e+01
1.074599264355322426e+01
1.074599299987674428e+01
1.074599712874054269e+01
1.080281926392828140e+01
1.080282299951730174e+01
1.080282377768886803e+01
1.080282618272644513e+01
1.080282808906538072e+01
1.080331692207999694e+01
1.080331738221644677e+01
1.080331977342613037e+01
1.080332009668324211e+01
1.080332810976321412e+01
1.080829468721592690e+01
1.080829827194827075e+01
1.080830114977372425e+01
1.080830466947522694e+01
1.080830623365659449e+01
1.081620003212773540e+01
1.081620294638095281e+01
1.081620320325482787e+01
1.081620393116734924e+01
1.081620549219549510e+01
1.083389470589409065e+01
1.083389710101125125e+01
1.083389729072599117e+01
1.083389740201558382e+01
1.083389752629218883e+01
1.083738127546041596e+01
1.083738882008946014e+01
1.083738970338337460e+01
1.083739082253196173e+01
1.083739411354500959e+01
1.089517396924895465e+01
1.089517469453794440e+01
1.089517635505272430e+01
1.089517721822366703e+01
1.089518005719042648e+01
1.095548245096490447e+01
1.095548260513885275e+01
1.095548386700925292e+01
1.095548857377889895e+01
1.095548947234216364e+01
1.105605396436721399e+01
1.105605886812294436e+01
1.105606329711439351e+01
1.105606334949741587e+01
1.105606754848214557e+01
1.107207589033330208e+01
1.107207654450148659e+01
1.107208185560872771e+01
1.107208236606375706e+01
1.107208401214965576e+01
1.107484546108432255e+01
1.107484848261591459e+01
1.107484875330133001e+01
1.107485058812984668e+01
1.107485252754636207e+01
1.108185980652164737e+01
1.108186163083170861e+01
1.108186329030005624e+01
1.108186346872221684e+01
1.108186412679744137e+01
1.108275277171695983e+01
1.108275310129662650e+01
1.108275348113003744e+01
1.108275429218747732e+01
1.108275603154287481e+01
1.110436190120350730e+01
1.110436263450091054e+01
1.110436426908357532e+01
1.110436680864334669e+01
1.110436930050959603e+01
1.111472316676398364e+01
1.111472327972676055e+01
1.111472329172435991e+01
1.111472365164784648e+01
1.111472468765646049e+01
1.112267374204602000e+01
1.112267382648614777e+01
1.112267511965534261e+01
1.112267566068974212e+01
1.112268400157084258e+01
1.112396920847050907e+01
1.112396975843605773e+01
1.112397470740112659e+01
1.112397634710268512e+01
1.112397672278668459e+01
1.114724456753775605e+01
1.114724791220685240e+01
1.114724958723451387e+01
1.114724968866311983e+01
1.114725076446206131e+01
1.115001598467912558e+01
1.115001806289568442e+01
1.115001911353070341e+01
1.115001926850801617e+01
1.115002019742565409e+01
1.116152511947180059e+01
1.116152651609088764e+01
1.116152682266185359e+01
1.116152894428446984e+01
1.116152992087554274e+01
1.116241540218334549e+01
1.116241583351919431e+01
1.116241589700455528e+01
1.116241701829850008e+01
1.116241740183997955e+01
1.116465437751209677e+01
1.116465550271032647e+01
1.116465690196523575e+01
1.116465776986021119e+01
1.116465784709052400e+01
1.118429297862408589e+01
1.118429438114448082e+01
1.118429719958299451e+01
1.118429868181729070e+01
1.118430088953708257e+01
1.118521176456217070e+01
1.118521221730280857e+01
1.118521313991378641e+01
1.118521683037928405e+01
1.118521893692295954e+01
1.119221464774956942e+01
1.119221563141543463e+01
1.119221668492886224e+01
1.119221693735874723e+01
1.119221789606063844e+01
1.119512439097038303e+01
1.119512487316242400e+01
1.119512731468472388e+01
1.119513310195551092e+01
1.119513651012795918e+01
1.120544094361752308e+01
1.120544340402913264e+01
1.120544421331434748e+01
1.120544485550216862e+01
1.120544759396963919e+01
1.120890367687223943e+01
1.120890513445001879e+01
1.120891167797302401e+01
1.120891223197416231e+01
1.120891369631776513e+01
1.121083042537884467e+01
1.121083191443436000e+01
1.121083294965186816e+01
1.121083348667261248e+01
1.121083468850557985e+01
1.122380505331859446e+01
1.122380916222741121e+01
1.122381120625699147e+01
1.122381560609849060e+01
1.122381567562920957e+01
1.123039766368493098e+01
1.123040309697741890e+01
1.123040624456212733e+01
1.123040979830656028e+01
1.123041079242874396e+01
1.123595305794751198e+01
1.123595310365791988e+01
1.123595340668516762e+01
1.123595460598252949e+01
1.123595489043988849e+01
1.123813139302526665e+01
1.123813509594007343e+01
1.123813608709647305e+01
1.123813733123065184e+01
1.123814490932110921e+01
1.123957030050971362e+01
1.123957107049908721e+01
1.123957114928323264e+01
1.123957407995516533e+01
1.123957607416756588e+01
1.125069328173157501e+01
1.125069481384150016e+01
1.125069605130722650e+01
1.125069915106167961e+01
1.125070115486585820e+01
1.125098357759889289e+01
1.125098639964958913e+01
1.125098695694737749e+01
1.125099089414794484e+01
1.125099296996491738e+01
1.125523192817011697e+01
1.125523381616748075e+01
1.125523402205836021e+01
1.125523724432763650e+01
1.125523927687456904e+01
1.125747878119252654e+01
1.125747934242386172e+01
1.125748133480131585e+01
1.125748145071090001e+01
1.125748191590819225e+01
1.127027605854000392e+01
1.127027683674185354e+01
1.127027746783991269e+01
1.127027874250677186e+01
1.127028789674869103e+01
1.127394451692041955e+01
1.127394789078785919e+01
1.127395059628167751e+01
1.127395066184875638e+01
1.127395102535929894e+01
1.128906187733063859e+01
1.128906659308022853e+01
1.128906717369065937e+01
1.128906835827031330e+01
1.128906987893599556e+01
1.130233860336877427e+01
1.130233902567517212e+01
1.130234097244017910e+01
1.130234098479602700e+01
1.130234170848236275e+01
1.130509082191293224e+01
1.130509248269999922e+01
1.130509365031533164e+01
1.130509458177595405e+01
1.130509488053948175e+01
1.130647646650803395e+01
1.130647853943481529e+01
1.130647886612361752e+01
1.130647976854865355e+01
1.130648206988363036e+01
1.131101728182748367e+01
1.131101904559443305e+01
1.131102153809283273e+01
1.131102423558980696e+01
1.131102746714461915e+01
1.133389998493898965e+01
1.133390042858150615e+01
1.133390158743669396e+01
1.133390171478913189e+01
1.133390455598599189e+01
1.133811577117644376e+01
1.133811654386212453e+01
1.133811869670184791e+01
1.133812135375609742e+01
1.133812459348546753e+01
1.134816295551399001e+01
1.134816368301497569e+01
1.134816470064212623e+01
1.134816496833298594e+01
1.134816529060534940e+01
1.136885514240550066e+01
1.136885848501070839e+01
1.136886025713219794e+01
1.136886166746257842e+01
1.136886351549265406e+01
1.137006972846253205e+01
1.137007177142255543e+01
1.137007679108632985e+01
1.137007729431071290e+01
1.137008216797926252e+01
1.137274438340192262e+01
1.137274506350159875e+01
1.137274720726263233e+01
1.137274854197084473e+01
1.137275083762059680e+01
1.137539432602668121e+01
1.137539479816414989e+01
1.137539557694588410e+01
1.137539771122750665e+01
1.137540621040409228e+01
1.137959845371531387e+01
1.137960220359657271e+01
1.137960509338526904e+01
1.137960633853825243e+01
1.137961011068920492e+01
1.143479561032902758e+01
1.143479762236743724e+01
1.143479803699654340e+01
1.143480329586827615e+01
1.143480520646503962e+01
1.145517761623101194e+01
1.145517922259621457e+01
1.145517934431844687e+01
1.145518107656531193e+01
1.145518142124340244e+01
1.150468079860975479e+01
1.150468504153851335e+01
1.150468699305635312e+01
1.150468761684123287e+01
1.150468768475702852e+01
1.154013651701746568e+01
1.154013690744178433e+01
1.154013772432981000e+01
1.154014235845468228e+01
1.154014940271138911e+01
1.154937630280094396e+01
1.154937801238664008e+01
1.154938143518517535e+01
1.154938612939666420e+01
1.154938686030994432e+01
1.156562502009294846e+01
1.156562873255924728e+01
1.156562940005428430e+01
1.156562965218063610e+01
1.156563435438800447e+01
1.156937647483216658e+01
1.156937864326343224e+01
1.156938073200117323e+01
1.156938292944787960e+01
1.156938671795959905e+01
1.158215301498819017e+01
1.158215530057337794e+01
1.158215618156222249e+01
1.158215894407860524e+01
1.158216008845500333e+01
1.161213055106167857e+01
1.161213332604306636e+01
1.161213402204349343e+01
1.161213629855850371e+01
1.161213648644382879e+01
1.161850384565930305e+01
1.161850508305177954e+01
1.161850539305292962e+01
1.161850556622924913e+01
1.161850609772616316e+01
1.164028780764891557e+01
1.164028935049296720e+01
1.164028999368142792e+01
1.164029021374037676e+01
1.164029038981845865e+01
1.168288526578087883e+01
1.168288743449152456e+01
1.168288828908759314e+01
1.168288901219642462e+01
1.168289353065412328e+01
1.168701004764263729e+01
1.168701349563693981e+01
1.168701619805500336e+01
1.168701965486496519e+01
1.168702320244552517e+01
1.172255578681116894e+01
1.172255843633547556e+01
1.172256057095888870e+01
1.172256129472138930e+01
1.172256211022146744e+01
1.175417877140721501e+01
1.175417956575872580e+01
1.175418068714702002e+01
1.175418101270352267e+01
1.175418273907207833e+01
1.175628362974030949e+01
1.175628407586768098e+01
1.175628611277388025e+01
1.175628613780304477e+01
1.175629263003435021e+01
1.178613206300947525e+01
1.178613350312136809e+01
1.178613475182597803e+01
1.178613655910621105e+01
1.178613669281414644e+01
1.180431289818259621e+01
1.180431959916792550e+01
1.180432043557781263e+01
1.180432149047966206e+01
1.180432326831572354e+01
1.181198848739703067e+01
1.181199516567797936e+01
1.181199518608520194e+01
1.181199599406044598e+01
1.181199844574998181e+01
1.182218500796278526e+01
1.182218774574316988e+01
1.182218924581230013e+01
1.182219429813687483e+01
1.182219430808426708e+01
1.183408661843405696e+01
1.183408849235546434e+01
1.183408927822922863e+01
1.183408938043819170e+01
1.183409078676515769e+01
1.184207654241856567e+01
1.184207710897881505e+01
1.184207962045096352e+01
1.184208347878868928e+01
1.184208361849383451e+01
1.185310772294337944e+01
1.185310837649348592e+01
1.185311091214454038e+01
1.185311219833002383e+01
1.185311597653967119e+01
1.185591044315028775e+01
1.185591333489326615e+01
1.185591391399667849e+01
1.185591653625311359e+01
1.185591923148095717e+01
1.186475000525927470e+01
1.186475008851008184e+01
1.186475376675386251e+01
1.186475428607773708e+01
1.186475903354973660e+01
1.186824928146523206e+01
1.186825031933519625e+01
1.186825082965472156e+01
1.186825164824204393e+01
1.186825201153059339e+01
1.188762966510565633e+01
1.188763194910575827e+01
1.188763247603996298e+01
1.188763315424058753e+01
1.188763499107791333e+01
1.189046502648655768e+01
1.189046511852669497e+01
1.189046732770415638e+01
1.189046935618607215e+01
1.189047009338991501e+01
1.190098534094131288e+01
1.190098825869935872e+01
1.190098977916122713e+01
1.190099005779351060e+01
1.190099016004971055e+01
1.190724697555652511e+01
1.190724981045581110e+01
1.190725073674019896e+01
1.190725152592738212e+01
1.190725786705738543e+01
1.191549227918846832e+01
1.191549294460787323e+01
1.191549420461862319e+01
1.191549509087222170e+01
1.191549581545392478e+01
1.192575719472352702e+01
1.192575921228497648e+01
1.192576255675921004e+01
1.192576328062065727e+01
1.192576603418413583e+01
1.193794909616806876e+01
1.193795050156432680e+01
1.193795195029281508e+01
1.193795232345564372e+01
1.193795783651877329e+01
1.195773807057588911e+01
1.195774057305978033e+01
1.195774072376968711e+01
1.195774172712389749e+01
1.195774540063886882e+01
1.195812552021009623e+01
1.195812601249041940e+01
1.195812656495573378e+01
1.195812848873518419e+01
1.195813468725787665e+01
1.196353439162942323e+01
1.196353450155095288e+01
1.196353661071006158e+01
1.196353708112278902e+01
1.196353900862951036e+01
1.196857514701311409e+01
1.196857786300026660e+01
1.196857943559719217e+01
1.196857957250984761e+01
1.196858543946610354e+01
1.197406735416165802e+01
1.197406782414397419e+01
1.197407133663400103e+01
1.197407256938507381e+01
1.197407558500028912e+01
1.198389985663681934e+01
1.198389992198699971e+01
1.198391174264063253e+01
1.198391230693048826e+01
1.198391416489203820e+01
1.198774736339150415e+01
1.198774992302141662e+01
1.198775053898770437e+01
1.198775208157893069e+01
1.198775217544139871e+01
1.202006018229110218e+01
1.202006025142137169e+01
1.202006114348425392e+01
1.202006192698689802e+01
1.202006327967536237e+01
1.202304317931612410e+01
1.202304443655599187e+01
1.202304534439174333e+01
1.202304860482564841e+01
1.202305159834640236e+01
1.204235424180006397e+01
1.204235642428009356e+01
1.204235711461008052e+01
1.204235764671935094e+01
1.204236007895877592e+01
1.204410065221143888e+01
1.204410160476488301e+01
1.204410229538507515e+01
1.204410286292009502e+01
1.204410329224222664e+01
1.204716145976304276e+01
1.204716187935150273e+01
1.204716492333362154e+01
1.204716671626154678e+01
1.204716772602174757e+01
1.206545577162338390e+01
1.206545727276840552e+01
1.206545947949765996e+01
1.206546353667773452e+01
1.206546574660920434e+01
1.207086950491140165e+01
1.207087117430221035e+01
1.207087381344449462e+01
1.207087385240190613e+01
1.207087779998621357e+01
1.207522512458049313e+01
1.207522749609298351e+01
1.207522874810245561e+01
1.207523225638331077e+01
1.207523314832885575e+01
1.208213662676018529e+01
1.208213781832917277e+01
1.208213833480232680e+01
1.208213862680775463e+01
1.208213955955649510e+01
1.208554268359100270e+01
1.208554307078088996e+01
1.208554383214921835e+01
1.208554684422678527e+01
1.208554746007809122e+01
1.211999689503673139e+01
1.212000081413363439e+01
1.212000197006997126e+01
1.212000670564995986e+01
1.212000757092997993e+01
1.213425014850114358e+01
1.213425053633309503e+01
1.213425200544722493e+01
1.213425252230231166e+01
1.213425335397279348e+01
1.213787805108042761e+01
1.213787950926355208e+01
1.213788005977155748e+01
1.213788098555097861e+01
1.213788101257381591e+01
1.214266344039066148e+01
1.214266460119441859e+01
1.214266644258171191e+01
1.214266810812599040e+01
1.214267108250075289e+01
1.214757136947958038e+01
1.214757328927881197e+01
1.214757517112777485e+01
1.214757917537893483e+01
1.214758133037601873e+01
1.215565010839815052e+01
1.215565087861197213e+01
1.215565358793594619e+01
1.215565412441880788e+01
1.215565710726079907e+01
1.220253894140477691e+01
1.220254002331071952e+01
1.220254039070963259e+01
1.220254135360745096e+01
1.220254345933256701e+01
1.223189175604901990e+01
1.223189226377505356e+01
1.223189781944731536e+01
1.223190166131579026e+01
1.223190230116722255e+01
1.224264834557049397e+01
1.224265065028811250e+01
1.224265172284991365e+01
1.224265187610102679e+01
1.224265254009113768e+01
1.226797937440799657e+01
1.226798109420617067e+01
1.226798199645728182e+01
1.226798228620338449e+01
1.226798422377938991e+01
1.226894827767237750e+01
1.226894885643835309e+01
1.226894984531683441e+01
1.226895207793232778e+01
1.226895327609083353e+01
1.229501729398539567e+01
1.229501955385594236e+01
1.229501976186293000e+01
1.229502055193890264e+01
1.229502234832861163e+01
1.230231057499769065e+01
1.230231171940460833e+01
1.230231366212876232e+01
1.230231513727802373e+01
1.230231592539795038e+01
1.232489884869243113e+01
1.232489899642589570e+01
1.232490044430785758e+01
1.232490056185850236e+01
1.232490484237911055e+01
1.234309258102279649e+01
1.234309347932680900e+01
1.234309423785219195e+01
1.234309673753308800e+01
1.234309756096094191e+01
1.235292504253142454e+01
1.235292553488848633e+01
1.235292640253312690e+01
1.235292877378478238e+01
1.235293132282779283e+01
1.235831198779995077e+01
1.235831314367377587e+01
1.235831491458685960e+01
1.235831511060872856e+01
1.235831852961801758e+01
1.236699834504719320e+01
1.236700013673485721e+01
1.236700083409474082e+01
1.236700177770262954e+01
1.236700221864619920e+01
1.236822743871570296e+01
1.236822835964795786e+01
1.236823015690199767e+01
1.236823034687663103e+01
1.236823142943242360e+01
1.238805262813328589e+01
1.238805307827666624e+01
1.238805550431947289e+01
1.238805797163542621e+01
1.238805872494153171e+01
1.239363312434251263e+01
1.239363429740445532e+01
1.239363850296191139e+01
1.239363948542961147e+01
1.239364444860752279e+01
1.239805053635046228e+01
1.239805369585887895e+01
1.239805378437277206e+01
1.239805658600976024e+01
1.239805767661209046e+01
1.240137227898590311e+01
1.240137671709879186e+01
1.240137723023132743e+01
1.240137857598904247e+01
1.240138075997185041e+01
1.240373461669105559e+01
1.240373524833144714e+01
1.240373729477934361e+01
1.240373812160672706e+01
1.240374184722094419e+01
1.240613620960611563e+01
1.240613858562365124e+01
1.240613986876659425e+01
1.240614032790617749e+01
1.240614390644006804e+01
1.241827147965851275e+01
1.241827299072620683e+01
1.241827303804760163e+01
1.241827303975073704e+01
1.241827482555447482e+01
1.243098783928694751e+01
1.243099073027568657e+01
1.243099086276311382e+01
1.243099210410013811e+01
1.243099244577439144e+01
1.244501812747173197e+01
1.244501997522703718e+01
1.244502018219737671e+01
1.244502055566402277e+01
1.244502110695678887e+01
1.244720106296592377e+01
1.244720284696123969e+01
1.244720490768509791e+01
1.244720642677303601e+01
1.244720921300433503e+01
1.246481425614517669e+01
1.246481572863794973e+01
1.246481638553893845e+01
1.246481806439628670e+01
1.246481963217278199e+01
1.246543081004824316e+01
1.246543252189028550e+01
1.246543407264263692e+01
1.246543804801901167e+01
1.246543958074483704e+01
1.247184344584632676e+01
1.247184844511429880e+01
1.247185063664971771e+01
1.247185235622198896e+01
1.247185467903230460e+01
1.248425979704443556e+01
1.248426117979754579e+01
1.248426119433184489e+01
1.248426222299900346e+01
1.248426287500787879e+01
1.248522295000774029e+01
1.248522460401093426e+01
1.248522467249588530e+01
1.248522530895217741e+01
1.248522563724821133e+01
1.252999726917767553e+01
1.252999901328407972e+01
1.252999920373501119e+01
1.253000044423383130e+01
1.253000475189056040e+01
1.253350459970394759e+01
1.253351243508378943e+01
1.253351260297766778e+01
1.253351357353555606e+01
1.253351595929091111e+01
1.256290186966769262e+01
1.256290813611641610e+01
1.256290864001645069e+01
1.256291347190212981e+01
1.256291581266069102e+01
1.257906678534222600e+01
1.257906870575481051e+01
1.257907012986651729e+01
1.257907091367641428e+01
1.257907794604199125e+01
1.257969080830288000e+01
1.257969365370635728e+01
1.257969378446470721e+01
1.257969484034887131e+01
1.257969644101955176e+01
1.258857723823069641e+01
1.258857748139955568e+01
1.258857924116141014e+01
1.258858143569004362e+01
1.258858804087654448e+01
1.263332620202613121e+01
1.263332829282133396e+01
1.263332936265021189e+01
1.263333286022338520e+01
1.263333585378382828e+01
1.263635067068811502e+01
1.263635258400935868e+01
1.263635265406517405e+01
1.263635431237190154e+01
1.263635537611221160e+01
1.265500273519527852e+01
1.265500436273729612e+01
1.265500646196990253e+01
1.265500660716935499e+01
1.265500951011495800e+01
1.267016273995326436e+01
1.267016455961405441e+01
1.267016534324236687e+01
1.267017341978396239e+01
1.267017784950945547e+01
1.267137110718883442e+01
1.267137121424907242e+01
1.267137317243873262e+01
1.267137414597564415e+01
1.267138052504146017e+01
1.270865704776472604e+01
1.270866103797327717e+01
1.270866152247749703e+01
1.270866735292886673e+01
1.270866847951035261e+01
1.271890154437481257e+01
1.271890250314467963e+01
1.271890455294794720e+01
1.271890535267088040e+01
1.271891712227892590e+01
1.272278213609743425e+01
1.272278350790423573e+01
1.272278421530051595e+01
1.272278710334728480e+01
1.272278975184688043e+01
1.275786586810662548e+01
1.275786608707741721e+01
1.275786787802335098e+01
1.275787176852785443e+01
1.275787407956748964e+01
1.275820565200686829e+01
1.275820581061851478e+01
1.275820584653265577e+01
1.275820693630966396e+01
1.275820987098503601e+01
1.279583878489018822e+01
1.279584010654634696e+01
1.279584107449760388e+01
1.279584207105964566e+01
1.279584278088395344e+01
1.281175006876890521e+01
1.281175187568429230e+01
1.281175193105533161e+01
1.281175233688975190e+01
1.281175482055054005e+01
1.281401746813621223e+01
1.281401979570033234e+01
1.281402033190598644e+01
1.281402183625812263e+01
1.281402326092784882e+01
1.283184506186853824e+01
1.283184795845477488e+01
1.283184983676944491e+01
1.283185019903599056e+01
1.283185244441736650e+01
1.283289089682445550e+01
1.283289173230647862e+01
1.283289174832391311e+01
1.283289180148028841e+01
1.283289267897538366e+01
1.284816296069597641e+01
1.284816548387356328e+01
1.284816804181436289e+01
1.284817075452377466e+01
1.284817836738344887e+01
1.286274415506271573e+01
1.286274525970642202e+01
1.286274727949282415e+01
1.286275293996584601e+01
1.286275330014923135e+01
1.288602430008961264e+01
1.288602499062065476e+01
1.288602555383156378e+01
1.288602559934210490e+01
1.288602786564579894e+01
1.289240210783855645e+01
1.289240257685509938e+01
1.289240297928590273e+01
1.289240409516006380e+01
1.289240635868261720e+01
1.290121981254485917e+01
1.290122025788646098e+01
1.290122093222575472e+01
1.290122177772710010e+01
1.290122231338178338e+01
1.290253079087199950e+01
1.290253284251584454e+01
1.290253424062885301e+01
1.290253705178171550e+01
1.290253862203093860e+01
1.290478076926919293e+01
1.290478145580544123e+01
1.290478202711692290e+01
1.290478209032605150e+01
1.290478401772381467e+01
1.291137812655566286e+01
1.291137829740109488e+01
1.291137901470249716e+01
1.291138009339822723e+01
1.291138304002325121e+01
1.294662524336361464e+01
1.294662683056864871e+01
1.294662791128639867e+01
1.294663185981589493e+01
1.294663387910927277e+01
1.298280932516918540e+01
1.298281433972234034e+01
1.298281522068691984e+01
1.298281522798888155e+01
1.298281859510098890e+01
1.300115823306908247e+01
1.300116223474655364e+01
1.300116283803491157e+01
1.300116677905871576e+01
1.300116790893418006e+01
1.302750136929181224e+01
1.302750474295058680e+01
1.302750806618825230e+01
1.302751010152362099e+01
1.302751421621945482e+01
1.302846534709671644e+01
1.302846770218585348e+01
1.302846992306080409e+01
1.302847118295926521e+01
1.302847578985738330e+01
1.303400538948791265e+01
1.303400737893377048e+01
1.303401179408703747e+01
1.303401307286823219e+01
1.303401367397241906e+01
1.306073085459232530e+01
1.306073296276284701e+01
1.306073407900949412e+01
1.306073505228170539e+01
1.306073519634327340e+01
1.307538860183895402e+01
1.307538999283004344e+01
1.307539028919213564e+01
1.307539044121054239e+01
1.307539267868846977e+01
1.310225691716888718e+01
1.310226010237165184e+01
1.310226195934885141e+01
1.310226567815658427e+01
1.310226679811550810e+01
1.320548118156244932e+01
1.320548127606487654e+01
1.320548147454306154e+01
1.320548273743144918e+01
1.320548281069647167e+01
1.321434960746460696e+01
1.321435023139995302e+01
1.321435065180654256e+01
1.321435244850840185e+01
1.321435304228322671e+01
1.322189487122401808e+01
1.322189568074487553e+01
1.322189644588097579e+01
1.322189666528217877e+01
1.322190035066442348e+01
1.323500056573478112e+01
1.323500174055523004e+01
1.323500366238332226e+01
1.323500395858648560e+01
1.323500777306911935e+01
1.323594391680850180e+01
1.323594480071974289e+01
1.323594649628049780e+01
1.323594843305533608e+01
1.323594855822581273e+01
1.324641691413190969e+01
1.324641898481623592e+01
1.324641953194522692e+01
1.324642026764212410e+01
1.324642536630543077e+01
1.324656231278893159e+01
1.324656388839762577e+01
1.324656440537696689e+01
1.324656590874027273e+01
1.324656647878989091e+01
1.324932184626820764e+01
1.324932259835196291e+01
1.324932438091090070e+01
1.324932776015824842e+01
1.324933039350291075e+01
1.327993181662089839e+01
1.327993514098995753e+01
1.327993635589418098e+01
1.327993687780932142e+01
1.327994002411908703e+01
1.328543198356756605e+01
1.328543411658798767e+01
1.328543443894854548e+01
1.328543625956257479e+01
1.328543848079543288e+01
1.329450290549067404e+01
1.329450294384863263e+01
1.329450336695959400e+01
1.329450345973477887e+01
1.329450387661758448e+01
1.330641549757108777e+01
1.330641800444056599e+01
1.330641858455159188e+01
1.330642017918042619e+01
1.330642208528273152e+01
1.331357576684040112e+01
1.331357588108468981e+01
1.331357631676027076e+01
1.331358238056910182e+01
1.331358757650994740e+01
1.331491037259357491e+01
1.331491165478013983e+01
1.331491381312699396e+01
1.331491409104091872e+01
1.331492151332106033e+01
1.331643996317709622e+01
1.331644060384005179e+01
1.331644445736924176e+01
1.331644487198066074e+01
1.331644787677629971e+01
1.331714298953795961e+01
1.331714401764132027e+01
1.331714568065544491e+01
1.331714655504699252e+01
1.331714671480719225e+01
1.334093907183823369e+01
1.334093967751147503e+01
1.334094184068351296e+01
1.334094278855508797e+01
1.334094467168273646e+01
1.336733225491908073e+01
1.336733330251026608e+01
1.336733397825086200e+01
1.336733430471834971e+01
1.336733544056181877e+01
1.336984541493655243e+01
1.336984804083053113e+01
1.336984991878741980e+01
1.336985038790262514e+01
1.336985079218537820e+01
1.337387500780532967e+01
1.337387554022019387e+01
1.337387608026932462e+01
1.337388043567759688e+01
1.337388343233183718e+01
1.337439838002442549e+01
1.337439990565931858e+01
1.337440042643033777e+01
1.337440049143512155e+01
1.337440107323314820e+01
1.338897333838931658e+01
1.338898001755921641e+01
1.338898081881514912e+01
1.338898085679040761e+01
1.338898271509452620e+01
1.339005453595316730e+01
1.339005505802347251e+01
1.339005559470908224e+01
1.339005581522721045e+01
1.339006016812844635e+01
1.340793342633382856e+01
1.340793604908302150e+01
1.340793611778114069e+01
1.340793780213422615e+01
1.340793930701135039e+01
1.341231317778555265e+01
1.341231417018703631e+01
1.341232009122209945e+01
1.341232121438343761e+01
1.341232288034775877e+01
1.341262804785102425e+01
1.341263152851072604e+01
1.341263344888691300e+01
1.341263658449374319e+01
1.341263667248538916e+01
1.341542543014570299e+01
1.341542778358558330e+01
1.341543245876926527e+01
1.341543249525709491e+01
1.341543340826900099e+01
1.342052027853242357e+01
1.342052038617355514e+01
1.342052579829121406e+01
1.342052756680973324e+01
1.342053230739004555e+01
1.343259028715236170e+01
1.343259189906772910e+01
1.343259302876775152e+01
1.343259434483525183e+01
1.343259506238835499e+01
1.344571898454671555e+01
1.344572185801863107e+01
1.344572266816849115e+01
1.344572522876323006e+01
1.344572618494069971e+01
1.344743665605084537e+01
1.344743674390774046e+01
1.344743707367690178e+01
1.344743982936901006e+01
1.344744398889246106e+01
1.349363842793336588e+01
1.349363905436187316e+01
1.349364059495805712e+01
1.349364251011193794e+01
1.349364423605054064e+01
1.349746886509096555e+01
1.349747328219619114e+01
1.349747437151484242e+01
1.349747462156162037e+01
1.349747687579052702e+01
1.351295239855820540e+01
1.351295344550553779e+01
1.351295391235017895e+01
1.351295439364020012e+01
1.351295500062439991e+01
1.352806668723953365e+01
1.352806897216302495e+01
1.352807087791160257e+01
1.352807169667576837e+01
1.352807397283515733e+01
1.353121241226742377e+01
1.353121357235188960e+01
1.353121762269013395e+01
1.353121891648716080e+01
1.353122328952560061e+01
1.353424963270221504e+01
1.353425112297314925e+01
1.353425112981505229e+01
1.353425737521272509e+01
1.353426106378549143e+01
1.354729875701425534e+01
1.354730028381300855e+01
1.354730038077697607e+01
1.354730492426076616e+01
1.354730623214445551e+01
1.355425324151795508e+01
1.355425685870310026e+01
1.355426046926205430e+01
1.355426202398714075e+01
1.355426385502731890e+01
1.356444378323711497e+01
1.356444426537998638e+01
1.356444516895549235e+01
1.356444567414754410e+01
1.356444600278610757e+01
1.362965775222914289e+01
1.362965927304860969e+01
1.362965980271701305e+01
1.362966067437850803e+01
1.362966265828688783e+01
1.363855049030138034e+01
1.363855067922908049e+01
1.363855114960163206e+01
1.363855440709535038e+01
1.363855477736919219e+01
1.364980997719015932e+01
1.364981166174464278e+01
1.364981365581596506e+01
1.364981429568182847e+01
1.364982085222366415e+01
1.366624011679145134e+01
1.366624158481767815e+01
1.366624224628701789e+01
1.366624353820024673e+01
1.366624448814669890e+01
1.366628862671208289e+01
1.366628966933600609e+01
1.366629629916605992e+01
1.366629901039048711e+01
1.366630431147352986e+01
1.368300791667168426e+01
1.368301081698761124e+01
1.368301175221668942e+01
1.368301264434846587e+01
1.368301642240116855e+01
1.369734653158048765e+01
1.369734682265510628e+01
1.369735058768300817e+01
1.369735145500399298e+01
1.369735542267192585e+01
1.370047100333050594e+01
1.370047300874681540e+01
1.370047317580673862e+01
1.370047809893508983e+01
1.370047882543526185e+01
1.371135738151405548e+01
1.371135770678090005e+01
1.371135772604595005e+01
1.371135789217100154e+01
1.371135871419021512e+01
1.371851320125107421e+01
1.371851577265558220e+01
1.371851706102740565e+01
1.371851779926680059e+01
1.371852262735678174e+01
1.372505058248238363e+01
1.372505078550895696e+01
1.372505079017560625e+01
1.372505100008739731e+01
1.372505150345163827e+01
1.372960750863257395e+01
1.372960850099885377e+01
1.372960871376529823e+01
1.372960986097565694e+01
1.372961802902396933e+01
1.373557645502364721e+01
1.373557683690422948e+01
1.373557696784885707e+01
1.373557762478520594e+01
1.373557843741937212e+01
1.373761446875329995e+01
1.373761556824909746e+01
1.373761674226647145e+01
1.373761748728650645e+01
1.373762114263965373e+01
1.374348614744090291e+01
1.374348707650645629e+01
1.374348777323645798e+01
1.374348820285083228e+01
1.374349655047433671e+01
1.374905711454425550e+01
1.374905750059617482e+01
1.374906172294676843e+01
1.374906230945950725e+01
1.374906621158688047e+01
1.376205724559377153e+01
1.376205919548742429e+01
1.376206062078640890e+01
1.376206075955923147e+01
1.376206774546252554e+01
1.376274102986029568e+01
1.376274197314256043e+01
1.376274326528326952e+01
1.376274333922201620e+01
1.376274682784290881e+01
1.377349281441711781e+01
1.377349387583266704e+01
1.377349553578901542e+01
1.377349693880606196e+01
1.377349776199567977e+01
1.378177076462237416e+01
1.378177210857152524e+01
1.378177549172819560e+01
1.378177746602012199e+01
1.378178027982596987e+01
1.379070283038903000e+01
1.379070386269315840e+01
1.379070398642143225e+01
1.379070477095713798e+01
1.379070774524280907e+01
1.380493220634567386e+01
1.380493416555834330e+01
1.380493443085478766e+01
1.380493746534912702e+01
1.380493992855093843e+01
1.381100716134055162e+01
1.381101148836681070e+01
1.381101170307954007e+01
1.381101661478256304e+01
1.381101747988539863e+01
1.384250439315805359e+01
1.384250502720154330e+01
1.384250651554479106e+01
1.384250849050127741e+01
1.384251139549829013e+01
1.386173940131252103e+01
1.386174086349185686e+01
1.386174194356899747e+01
1.386174301200610159e+01
1.386174478273929189e+01
1.387152415694108321e+01
1.387152529794038180e+01
1.387152777781164303e+01
1.387152778574155576e+01
1.387152903773048429e+01
1.388119544123271787e+01
1.388119707329306607e+01
1.388119713858282367e+01
1.388119726499843232e+01
1.388119798415107908e+01
1.388137723285769631e+01
1.388138206255054463e+01
1.388138366524749401e+01
1.388138456236984908e+01
1.388138541853802010e+01
1.388797655299720013e+01
1.388797728039976320e+01
1.388797836195750968e+01
1.388797894528213916e+01
1.388797953584681899e+01
1.388979867987653627e+01
1.388979918513583023e+01
1.388980288494044579e+01
1.388980317855152258e+01
1.388980434662418162e+01
1.389820627315985746e+01
1.389820698581295488e+01
1.389820727035325376e+01
1.389820795386225427e+01
1.389821231041604221e+01
1.391218887929933246e+01
1.391218920615299837e+01
1.391219052976920700e+01
1.391219309460589670e+01
1.391219589876450691e+01
1.392555166445121451e+01
1.392555425794607338e+01
1.392555475419920263e+01
1.392555601622786199e+01
1.392555614354414395e+01
1.395890542772247578e+01
1.395890784120663142e+01
1.395890792890332044e+01
1.395890960832543115e+01
1.395891264913209540e+01
1.396489260259097165e+01
1.396489394929299088e+01
1.396489473518866120e+01
1.396489492713067193e+01
1.396489599758623257e+01
1.396508301717179279e+01
1.396508312388436934e+01
1.396508566805445639e+01
1.396508655289325418e+01
1.396509148338097894e+01
1.398108689705131447e+01
1.398108988126819874e+01
1.398109238032922974e+01
1.398109641454846575e+01
1.398110064195233626e+01
1.399706572152177841e+01
1.399706784976767970e+01
1.399707066308161352e+01
1.399707175110565949e+01
1.399707377486094551e+01
1.400191006815141570e+01
1.400191274275768372e+01
1.400191304570200579e+01
1.400191351036707488e+01
1.400191948503490025e+01
1.400456740415068957e+01
1.400456879792448284e+01
1.400457093444493850e+01
1.400457319699176040e+01
1.400457557789238905e+01
1.401531483149415536e+01
1.401531525272977952e+01
1.401531576289667669e+01
1.401532119130703435e+01
1.401532185681798914e+01
1.402616828727290255e+01
1.402616858137674249e+01
1.402616901415350981e+01
1.402616965776473279e+01
1.402616991090939358e+01
1.403458294238913240e+01
1.403458442592441102e+01
1.403458754701754607e+01
1.403458821971275405e+01
1.403459407616052346e+01
1.405054866859298279e+01
1.405055042957392430e+01
1.405055144280821366e+01
1.405055146772894403e+01
1.405055147252234882e+01
1.405677885892781553e+01
1.405677994924869090e+01
1.405678033733543053e+01
1.405678201582780495e+01
1.405678311939470859e+01
1.405685802022628295e+01
1.405685855912692794e+01
1.405685942008740419e+01
1.405685989210250142e+01
1.405686009101961531e+01
1.405895289050006092e+01
1.405895430212005337e+01
1.405895489075201432e+01
1.405895776063787572e+01
1.405895975063233294e+01
1.406744585651567370e+01
1.406744868789291125e+01
1.406744977142978925e+01
1.406745250539698766e+01
1.406745314879704978e+01
1.408442756395161588e+01
1.408442836141389165e+01
1.408442863070419548e+01
1.408443250556088344e+01
1.408443516016883024e+01
1.409423585273781399e+01
1.409423597806564210e+01
1.409423913453294475e+01
1.409423924155184871e+01
1.409424267695501243e+01
1.409448915697550220e+01
1.409448926007963010e+01
1.409448961823733626e+01
1.409449978486643751e+01
1.409450119978709992e+01
1.409682896715073319e+01
1.409682961558732828e+01
1.409683425986487215e+01
1.409683462500004048e+01
1.409683606428761671e+01
1.411235855080574453e+01
1.411235856245156484e+01
1.411235860588866942e+01
1.411236369651094158e+01
1.411236571394746697e+01
1.412694444910150970e+01
1.412694475614950562e+01
1.412694501724983631e+01
1.412695024599789484e+01
1.412695236836310642e+01
1.415476453785791477e+01
1.415476992759684549e+01
1.415477214997472366e+01
1.415477224042125037e+01
1.415477443948860525e+01
1.416481334907382283e+01
1.416481349906873888e+01
1.416481370625819558e+01
1.416481424817141921e+01
1.416481543952126643e+01
1.417689211510406899e+01
1.417689233841464969e+01
1.417689489707813344e+01
1.417689503776126614e+01
1.417689702662751117e+01
1.424108308825561231e+01
1.424108554491896683e+01
1.424109058761301583e+01
1.424109199739261555e+01
1.424109680806222400e+01
1.424449473356987639e+01
1.424449771023534339e+01
1.424449844206176330e+01
1.424449877896024752e+01
1.424449977784056820e+01
1.426235321554265845e+01
1.426235653756068444e+01
1.426235860623690854e+01
1.426236031867096088e+01
1.426236167373762953e+01
1.430613251022441723e+01
1.430613830594755775e+01
1.430613847791220117e+01
1.430613996118100317e+01
1.430614041866289021e+01
1.431231106769273786e+01
1.431231149563200589e+01
1.431231200555661687e+01
1.431231373127699591e+01
1.431231420562377288e+01
1.431368381241880172e+01
1.431368757326357155e+01
1.431368760509324467e+01
1.431368963954786899e+01
1.431369229400646326e+01
1.431867598441280443e+01
1.431867669487302663e+01
1.431868220474915177e+01
1.431868278673007033e+01
1.431868302559282036e+01
1.434672715241702790e+01
1.434673072886990397e+01
1.434673147531869120e+01
1.434673369743440929e+01
1.434673581613253290e+01
1.436036734569836959e+01
1.436036955395647219e+01
1.436036991326825074e+01
1.436037063358394050e+01
1.436037438524149223e+01
1.436764191999160367e+01
1.436764267429420805e+01
1.436764402421983533e+01
1.436764465605618923e+01
1.436764577599962855e+01
1.436782660303220815e+01
1.436783015348177095e+01
1.436783242501456748e+01
1.436783288595047559e+01
1.436783411433330748e+01
1.437689367687262276e+01
1.437689422700535857e+01
1.437689549092223018e+01
1.437689610037576848e+01
1.437689792896923890e+01
1.438994820584493972e+01
1.438994890708441687e+01
1.438994939070322054e+01
1.438995116549740061e+01
1.438995286410973584e+01
1.441494982562894833e+01
1.441494995734983497e+01
1.441495337439909896e+01
1.441495397599312511e+01
1.441495925023029656e+01
1.441739959973711827e+01
1.441740107049463937e+01
1.441740397862944079e+01
1.441740932921723051e+01
1.441741038187163504e+01
1.443090125388916789e+01
1.443090195786112240e+01
1.443090406488103739e+01
1.443090470751227805e+01
1.443090502058342750e+01
1.443690443952580971e+01
1.443690726507585431e+01
1.443690803006654910e+01
1.443690860442774948e+01
1.443690905338812591e+01
1.445217425191794547e+01
1.445217523251431047e+01
1.445217749088697090e+01
1.445218502239021241e+01
1.445218538647010398e+01
1.447522599004589061e+01
1.447522643969689327e+01
1.447522690661186218e+01
1.447522759313303631e+01
1.447522946249212339e+01
1.454438822101156603e+01
1.454438967904119373e+01
1.454439063085490602e+01
1.454439252633467738e+01
1.454439646080235171e+01
1.457415228119975481e+01
1.457415315820785473e+01
1.457415381977286373e+01
1.457415411071256806e+01
1.457415507517674236e+01
1.458986156169413384e+01
1.458986179863606658e+01
1.458986352908758377e+01
1.458986504800164319e+01
1.458986775603192321e+01
1.462578143129453423e+01
1.462578184160081030e+01
1.462578333576017364e+01
1.462578372696998308e+01
1.462578541034292634e+01
1.463822665929859035e+01
1.463822744363537964e+01
1.463822756260128699e+01
1.463822806508014374e+01
1.463822834265472217e+01
1.464017296738669138e+01
1.464017348444341415e+01
1.464017461513693696e+01
1.464017586911783120e+01
1.464017849712905672e+01
1.464121794184486625e+01
1.464121909574813962e+01
1.464122023173614906e+01
1.464122257734988430e+01
1.464122517260765477e+01
1.465267587184675335e+01
1.465267684368286361e+01
1.465268039705022751e+01
1.465268124982250519e+01
1.465268132930283862e+01
1.466008719339349575e+01
1.466008724551460496e+01
1.466008726288830744e+01
1.466008739589911158e+01
1.466008741049656905e+01
1.466079221584222658e+01
1.466079229938477901e+01
1.466079465015453920e+01
1.466079817666487095e+01
1.466079885798860616e+01
1.467490358712792187e+01
1.467490408120611889e+01
1.467490874256122879e+01
1.467491049118187973e+01
1.467491159295005865e+01
1.468056015017819327e+01
1.468056177969017639e+01
1.468056185113839440e+01
1.468056712448807311e+01
1.468056755388564660e+01
1.469288151992317637e+01
1.469288242863530236e+01
1.469288582565045331e+01
1.469288623950039252e+01
1.469288963012041371e+01
1.470291123997557214e+01
1.470291244781114770e+01
1.470291370851709800e+01
1.470291404971477078e+01
1.470291481422646385e+01
1.470844204904788555e+01
1.470844264899924703e+01
1.470844283529021190e+01
1.470844442297689092e+01
1.470844584159046953e+01
1.471199814490200275e+01
1.471200126777115358e+01
1.471200598756675326e+01
1.471200674167871547e+01
1.471200788779016477e+01
1.471735609878690276e+01
1.471735800877317857e+01
1.471735935022652164e+01
1.471736081769078552e+01
1.471736402461391791e+01
1.471813825212958093e+01
1.471814102328823459e+01
1.471814347530964895e+01
1.471814355417829212e+01
1.471814360290726142e+01
1.471824255225127054e+01
1.471824362386694496e+01
1.471824578262640593e+01
1.471824925750002500e+01
1.471825018277308494e+01
1.472428864058634268e+01
1.472429248342344010e+01
1.472429361975982864e+01
1.472429480299141424e+01
1.472429592279033095e+01
1.472761761864083674e+01
1.472761882968186953e+01
1.472762170431465201e+01
1.472762175882446911e+01
1.472762206649125005e+01
1.473123281006718877e+01
1.473123311626355303e+01
1.473123325872616896e+01
1.473123332333379487e+01
1.473123341868562086e+01
1.473584580165319124e+01
1.473584749075871514e+01
1.473584762262422387e+01
1.473584854086794671e+01
1.473584914084356257e+01
1.474060585168058779e+01
1.474060602588984636e+01
1.474060849560152775e+01
1.474061059216340475e+01
1.474061432198129218e+01
1.474208406849927222e+01
1.474208453932482321e+01
1.474208697763990372e+01
1.474209162020776454e+01
1.474209245877260166e+01
1.475916315403756229e+01
1.475916422683547502e+01
1.475916690680405630e+01
1.475916719546871825e+01
1.475917135268440639e+01
1.476536622810622923e+01
1.476537033455307579e+01
1.476537192533259457e+01
1.476537325796066646e+01
1.476537375405038688e+01
1.477711705340727377e+01
1.477711719197624873e+01
1.477711768792547886e+01
1.477711850730378451e+01
1.477712055883689501e+01
1.478259739849868204e+01
1.478260028035663254e+01
1.478260035131843964e+01
1.478260297574145099e+01
1.478260715588762331e+01
1.478263894536087264e+01
1.478264227698485556e+01
1.478264747797227407e+01
1.478264765885326781e+01
1.478264838867853292e+01
1.478327648140289696e+01
1.478327693370113316e+01
1.478327831614489973e+01
1.478327916742764003e+01
1.478328239109298714e+01
1.479557692652097955e+01
1.479558019265212998e+01
1.479558095018914798e+01
1.479558261846420208e+01
1.479558407958604427e+01
1.479960058029607772e+01
1.479960246045143002e+01
1.479960445573461847e+01
1.479960656037517630e+01
1.479960759455804009e+01
1.480411165657703343e+01
1.480411209244242521e+01
1.480411691111968864e+01
1.480411709159651501e+01
1.480411866652317698e+01
1.481297943146145002e+01
1.481297944889548646e+01
1.481297974724531841e+01
1.481298540480277381e+01
1.481298550624755173e+01
1.481910596341425723e+01
1.481910665583455611e+01
1.481911194434403178e+01
1.481911522498559997e+01
1.481911595629442324e+01
1.482629339281062464e+01
1.482629384802891437e+01
1.482629527240706402e+01
1.482629541037477061e+01
1.482629903734913945e+01
1.482728293648569995e+01
1.482728321192051624e+01
1.482728327368840660e+01
1.482728360457841887e+01
1.482728405590855303e+01
1.482930583129567914e+01
1.482930900936385399e+01
1.482930930526772784e+01
1.482931025728776042e+01
1.482931191331883802e+01
1.482965375738085001e+01
1.482965574333065817e+01
1.482965686246650705e+01
1.482965786051721224e+01
1.482966048574275142e+01
1.483059257496476491e+01
1.483059306891670026e+01
1.483059326303907710e+01
1.483059339623671491e+01
1.483059384993062224e+01
1.483143030438062659e+01
1.483143183712550517e+01
1.483143219838192017e+01
1.483143412843478082e+01
1.483143753078911864e+01
1.483606612968882565e+01
1.483606730512503447e+01
1.483606807912729764e+01
1.483607270312800708e+01
1.483607487146111659e+01
1.484060538324161627e+01
1.484060913114418057e+01
1.484061002284272490e+01
1.484061621798097974e+01
1.484061730205991303e+01
1.484174264225397621e+01
1.484174372679301968e+01
1.484174882868929224e+01
1.484174980460862159e+01
1.484175348681550055e+01
1.484645652022394202e+01
1.484646121046358935e+01
1.484646174206837621e+01
1.484646378705043723e+01
1.484646560314608976e+01
1.485316959091223765e+01
1.485317275253001235e+01
1.485317344121787286e+01
1.485317691993197720e+01
1.485317846920651341e+01
1.486241698576311698e+01
1.486241764858261583e+01
1.486241854842609378e+01
1.486241913536958492e+01
1.486242525170774442e+01
1.486790270020624050e+01
1.486790309934793797e+01
1.486790883179271994e+01
1.486790980532905948e+01
1.486791087235190467e+01
1.488050125690999614e+01
1.488050346492685172e+01
1.488050355090512333e+01
1.488050686583961735e+01
1.488050747877235480e+01
1.489234630321226582e+01
1.489234809269848014e+01
1.489234895611165932e+01
1.489235174002078033e+01
1.489235216103218384e+01
1.493099949995645837e+01
1.493100030928939503e+01
1.493100209072719942e+01
1.493100302562758053e+01
1.493100414842216850e+01
1.493494226611204745e+01
1.493494755384497275e+01
1.493494822771408259e+01
1.493495013406472793e+01
1.493495216170443385e+01
1.493565328577896345e+01
1.493565345440901737e+01
1.493566203805174375e+01
1.493566220331057259e+01
1.493566553890049953e+01
1.494572467994777476e+01
1.494572779288115072e+01
1.494572845364186442e+01
1.494572885397697881e+01
1.494572921235026364e+01
1.494668091167400270e+01
1.494668319393302625e+01
1.494668327565349841e+01
1.494668517145189490e+01
1.494668638277728867e+01
1.496505242420821169e+01
1.496505278955273255e+01
1.496505372763158448e+01
1.496505596280882600e+01
1.496505990105285555e+01
1.497657755907537158e+01
1.497657756372262838e+01
1.497657792668939436e+01
1.497657824962030482e+01
1.497657917299207497e+01
1.497867380972694917e+01
1.497867443015235622e+01
1.497867684654088549e+01
1.497867729066555498e+01
1.497868004549466292e+01
1.500904338372702362e+01
1.500904370108235852e+01
1.500904679650909657e+01
1.500905015194832437e+01
1.500905343993084706e+01
1.501083949100782178e+01
1.501084052694252158e+01
1.501084218712927409e+01
1.501084310173149561e+01
1.501084603630654790e+01
1.501876282858877687e+01
1.501876696912565912e+01
1.501876834712487430e+01
1.501877079616704158e+01
1.501877326609933050e+01
1.502095897421333071e+01
1.502096029130627741e+01
1.502096417084136526e+01
1.502096520068201180e+01
1.502096576421769214e+01
1.502887255274326961e+01
1.502887502689073607e+01
1.502888114300595568e+01
1.502888124507609469e+01
1.502888342756706486e+01
1.503464866980934822e+01
1.503465077518596615e+01
1.503465185860317810e+01
1.503465359194218287e+01
1.503465921125916260e+01
1.503736402361131752e+01
1.503736537927439088e+01
1.503736565325855246e+01
1.503736586587225510e+01
1.503736776629806293e+01
1.507159536156673774e+01
1.507159760680996996e+01
1.507159914688882552e+01
1.507159964813622466e+01
1.507160495585324078e+01
1.507511124778188893e+01
1.507511375650279817e+01
1.507511502607193954e+01
1.507511522205386001e+01
1.507511706403966834e+01
1.508787637907005319e+01
1.508787709869417171e+01
1.508787810310316679e+01
1.508787852169416333e+01
1.508787904302324456e+01
1.509486361471676297e+01
1.509486424952539885e+01
1.509486442781782678e+01
1.509486814985808323e+01
1.509487218923698038e+01
1.512766609337342594e+01
1.512766752148525917e+01
1.512766907632831703e+01
1.512767074035193282e+01
1.512767317366091113e+01
1.513641433476568032e+01
1.513641437924120758e+01
1.513641509653788475e+01
1.513641614036162863e+01
1.513641697925569218e+01
1.514693868952403122e+01
1.514694041413644676e+01
1.514694469316832226e+01
1.514694540062120964e+01
1.514694563235109825e+01
1.515847188712635329e+01
1.515847420250798372e+01
1.515847438804446412e+01
1.515847558016966268e+01
1.515848016393464270e+01
1.516832318036835581e+01
1.516832324326258430e+01
1.516832403670557028e+01
1.516832724532603294e+01
1.516832763590633881e+01
1.517402044317523568e+01
1.517402343624788230e+01
1.517402502260688912e+01
1.517402592327757915e+01
1.517402849847725754e+01
1.517710446670576374e+01
1.517710477839564831e+01
1.517711113751230378e+01
1.517711548712732217e+01
1.517711625726376212e+01
1.518116495214711925e+01
1.518116848605864000e+01
1.518117202706694790e+01
1.518117218751569375e+01
1.518117293853475580e+01
1.521301657942303187e+01
1.521302238684016395e+01
1.521302239448164428e+01
1.521302402721431335e+01
1.521302461100355785e+01
1.524057277142168232e+01
1.524057298059689103e+01
1.524057363679924038e+01
1.524057364845234375e+01
1.524057440103226568e+01
1.524456018668298718e+01
1.524456070301141963e+01
1.524456164228411126e+01
1.524456186410419711e+01
1.524456239984933248e+01
1.525781729553739297e+01
1.525781821765156465e+01
1.525782156330319594e+01
1.525782413034374763e+01
1.525782431046117438e+01
1.526022391600136352e+01
1.526022477705030411e+01
1.526022763002243110e+01
1.526022911179579822e+01
1.526023342048869402e+01
1.526340136832875061e+01
1.526340323800036280e+01
1.526340664547400472e+01
1.526340749315499323e+01
1.526341100607921142e+01
1.528523667137018727e+01
1.528524023637181806e+01
1.528524049637754345e+01
1.528524089014301346e+01
1.528524290154395970e+01
1.532038883132539908e+01
1.532038903183923750e+01
1.532038992484852002e+01
1.532039006793887026e+01
1.532039158518802324e+01
1.533052590183063479e+01
1.533052651350892148e+01
1.533052695009209465e+01
1.533052746023110480e+01
1.533052819960877855e+01
1.533112695589922936e+01
1.533112811015223365e+01
1.533112842305810375e+01
1.533112979127435338e+01
1.533113469090595338e+01
1.533975323833796267e+01
1.533975666999317333e+01
1.533975820330294582e+01
1.533975827652117907e+01
1.533976294068132162e+01
1.538346842302476603e+01
1.538347036440737625e+01
1.538347293325210074e+01
1.538347500672718660e+01
1.538347815061990431e+01
1.538707772842523980e+01
1.538707849636831071e+01
1.538708504077689021e+01
1.538708688371518996e+01
1.538708813015965049e+01
1.539980318429427264e+01
1.539980476135006171e+01
1.539980591958548040e+01
1.539980600370667219e+01
1.539980705117437587e+01
1.540102534510283760e+01
1.540102870471319996e+01
1.540102871286525321e+01
1.540103534375205641e+01
1.540103633418543794e+01
1.541982016501165198e+01
1.541982666231368349e+01
1.541982708520753675e+01
1.541982821738620935e+01
1.541982889895020747e+01
1.543670235478095876e+01
1.543670421827146377e+01
1.543670580199350795e+01
1.543670721268302160e+01
1.543670915659487441e+01
1.544351517637419313e+01
1.544351822171683608e+01
1.544351888292626107e+01
1.544352172859545469e+01
1.544352426728432803e+01
1.545851999714397174e+01
1.545852072659605980e+01
1.545852276901321254e+01
1.545852304544324873e+01
1.545852371096929545e+01
1.547891295395448452e+01
1.547891563012732341e+01
1.547891738292765673e+01
1.547891970722117172e+01
1.547892160540261841e+01
1.551790722761610120e+01
1.551790926852261165e+01
1.551790980710353374e+01
1.551791039408979245e+01
1.551791361963650040e+01
1.553238444018174569e+01
1.553238712916015452e+01
1.553239104080566158e+01
1.553239115244655366e+01
1.553239388220952755e+01
