2.451204044729855536e+00
2.451208422248095875e+00
2.451212055718558602e+00
2.451212667823826408e+00
2.451219707207006326e+00
2.452124271585761406e+00
2.452126237553849286e+00
2.452133603334043066e+00
2.452134197979384034e+00
2.452135183773520133e+00
2.452847646002500159e+00
2.452848306316556926e+00
2.452848417676885440e+00
2.452849244531755346e+00
2.452853076908602770e+00
2.454302252902033743e+00
2.454303736439318318e+00
2.454303839666148512e+00
2.454313892924048890e+00
2.454316672049472459e+00
2.454553376685870258e+00
2.454556341398582475e+00
2.454561265440323492e+00
2.454566143598496897e+00
2.454569771711530901e+00
2.454574121777543194e+00
2.454578749113583314e+00
2.454578909813249332e+00
2.454579643869801764e+00
2.454583491918741256e+00
2.455570923268150629e+00
2.455571213730116220e+00
2.455572167398059502e+00
2.455572194845836442e+00
2.455572243225598861e+00
2.455787524868550786e+00
2.455788062740757560e+00
2.455789630689078962e+00
2.455791246441766162e+00
2.455791869255210980e+00
2.455939427327149094e+00
2.455939942649250529e+00
2.455940190212294816e+00
2.455940651461269386e+00
2.455941386637719326e+00
2.458178740877075441e+00
2.458178795612718570e+00
2.458182227276894949e+00
2.458182345006163949e+00
2.458187638423885435e+00
2.458326808908855909e+00
2.458330041694970269e+00
2.458330767390751515e+00
2.458335335913308217e+00
2.458337498595340342e+00
2.459150589654891306e+00
2.459153211290422636e+00
2.459154514909545064e+00
2.459155177413576698e+00
2.459156659304160719e+00
7.843254622699686429e+00
7.843254847121825080e+00
7.843255565930514095e+00
7.843256389536173323e+00
7.843260837336726077e+00
7.859641363891865851e+00
7.859645315362519646e+00
7.859646695481927736e+00
7.859646792490105227e+00
7.859647043563724012e+00
8.008425461662238121e+00
8.008427444823359664e+00
8.008428423167682553e+00
8.008431499276246868e+00
8.008431831045326632e+00
8.029146340545800342e+00
8.029150907773498602e+00
8.029152149529860338e+00
8.029152877140900202e+00
8.029157019943003348e+00
8.044303724530793787e+00
8.044307322262122639e+00
8.044308678780296873e+00
8.044310856804330001e+00
8.044312033548923324e+00
8.086310722913136573e+00
8.086313365947425780e+00
8.086317998675292884e+00
8.086319872976828194e+00
8.086325376770341578e+00
8.093991206852155784e+00
8.093994692566829130e+00
8.093996213243492832e+00
8.093998639887457713e+00
8.094000906968073394e+00
8.098554692659673648e+00
8.098556314047582916e+00
8.098556328241473423e+00
8.098556397815601215e+00
8.098557657638796314e+00
8.103170856621499496e+00
8.103172421224911659e+00
8.103173073469427834e+00
8.103173437734131568e+00
8.103176618468832970e+00
8.110708944223063099e+00
8.110713573330031068e+00
8.110714848082134054e+00
8.110715228054798942e+00
8.110715859324626464e+00
8.135378885073516031e+00
8.135381059477177601e+00
8.135383804849038114e+00
8.135385385247586143e+00
8.135386383307187330e+00
8.135513883922760314e+00
8.135514867671252759e+00
8.135516217432055441e+00
8.135517610840750535e+00
8.135518607132553370e+00
8.145864259573688315e+00
8.145869046756152088e+00
8.145871424384257153e+00
8.145872240945102760e+00
8.145873987848080588e+00
8.151900377752417270e+00
8.151900543088096640e+00
8.151902006501305920e+00
8.151903025238953049e+00
8.151908486244188623e+00
8.166882805673166601e+00
8.166889413846620371e+00
8.166891097314817216e+00
8.166895303357328828e+00
8.166895662612569495e+00
8.188900368388907225e+00
8.188901103084589295e+00
8.188901676500945470e+00
8.188906136298058414e+00
8.188908433063589953e+00
8.205487828112353554e+00
8.205488857642789569e+00
8.205490240692506987e+00
8.205493042182169461e+00
8.205494677738812470e+00
8.217183332505122451e+00
8.217195740914293722e+00
8.217196158848834031e+00
8.217197952891240220e+00
8.217198045489714886e+00
8.447643507546942487e+00
8.447645735765675568e+00
8.447647647795212933e+00
8.447647777322394802e+00
8.447651563197904778e+00
8.470764965751323317e+00
8.470766020201478952e+00
8.470768633471227105e+00
8.470768744606360201e+00
8.470771573888649542e+00
8.537588266190867969e+00
8.537589203709673669e+00
8.537590309501856822e+00
8.537591615051635330e+00
8.537594447348736182e+00
8.565412674576748486e+00
8.565415845888626478e+00
8.565416248554415191e+00
8.565416901955209994e+00
8.565418879546989217e+00
8.618548440398766886e+00
8.618554088911897892e+00
8.618556595938789755e+00
8.618558028690182837e+00
8.618559029402769411e+00
8.641948772643818444e+00
8.641949279121002192e+00
8.641952965678534326e+00
8.641954406481211493e+00
8.641954593464374668e+00
8.648639965271996743e+00
8.648640234794138237e+00
8.648643009455298625e+00
8.648645519351571664e+00
8.648646488191086945e+00
8.649296226352756634e+00
8.649296356675497677e+00
8.649298356774382412e+00
8.649298451839895208e+00
8.649300130357369554e+00
8.688111473323761658e+00
8.688116394731370207e+00
8.688117257593846787e+00
8.688117352499332924e+00
8.688120102968190039e+00
8.701632893710236516e+00
8.701633063931158318e+00
8.701633455897805902e+00
8.701637352199870890e+00
8.701639069129447179e+00
8.757481569949206346e+00
8.757487142919481826e+00
8.757489436613669298e+00
8.757497660610592760e+00
8.757498018481078006e+00
8.779232687678348412e+00
8.779232837326960137e+00
8.779233530286113307e+00
8.779234657235219785e+00
8.779236788929889457e+00
9.088455211096107433e+00
9.088455491715849988e+00
9.088455543121725100e+00
9.088456091955332994e+00
9.088457398200203485e+00
9.092686722135542965e+00
9.092689387975374515e+00
9.092689471135589230e+00
9.092690672699692556e+00
9.092693581508177303e+00
9.099251742588508662e+00
9.099255148203065247e+00
9.099258860813883132e+00
9.099260148110943192e+00
9.099260181047688079e+00
9.106517101680530857e+00
9.106518627532695476e+00
9.106520635456773149e+00
9.106527101903337140e+00
9.106528918364013236e+00
9.134146789936101740e+00
9.134147021966528612e+00
9.134150161542121893e+00
9.134152729903304291e+00
9.134155769900139887e+00
9.136765111422095131e+00
9.136766162100244060e+00
9.136767641042427002e+00
9.136770570579081152e+00
9.136771581609119508e+00
9.156926116672559957e+00
9.156934048391960346e+00
9.156934630289768506e+00
9.156936771945080267e+00
9.156939293595867113e+00
9.174992984487781555e+00
9.174996161100013481e+00
9.174997642125036990e+00
9.174997881432997104e+00
9.175001362544858097e+00
9.192180207415431070e+00
9.192182537836156797e+00
9.192184197273245871e+00
9.192186647299976698e+00
9.192187773631475878e+00
9.199835043727684791e+00
9.199836689642920007e+00
9.199838188696581653e+00
9.199838223175449414e+00
9.199840318559882490e+00
9.221188918208975238e+00
9.221190775713298038e+00
9.221190850996416444e+00
9.221192950529774279e+00
9.221193675641998766e+00
9.240674650105368926e+00
9.240676778044992545e+00
9.240680372683602428e+00
9.240683310767661141e+00
9.240690248385126537e+00
9.468735605026681768e+00
9.468739771495465973e+00
9.468739774410320109e+00
9.468739948113476856e+00
9.468742406777154841e+00
9.499179198946611891e+00
9.499179692399760455e+00
9.499180974426163715e+00
9.499181752030015247e+00
9.499183814270571347e+00
9.517164064672837043e+00
9.517165934762301660e+00
9.517166114143432054e+00
9.517170037836876872e+00
9.517172098506993194e+00
9.558475202625155376e+00
9.558475325102849141e+00
9.558476197041033018e+00
9.558478283984328527e+00
9.558480408668524220e+00
9.565211404114391414e+00
9.565218077587150702e+00
9.565219195528140261e+00
9.565219795613689513e+00
9.565224127834119017e+00
9.584707975066326213e+00
9.584709462732815766e+00
9.584713214332499120e+00
9.584713334163939891e+00
9.584714151214944522e+00
9.588437996222326731e+00
9.588438201631170443e+00
9.588439930530931576e+00
9.588443638682974779e+00
9.588444658911059904e+00
9.590305861759572892e+00
9.590308540865617459e+00
9.590308948308182480e+00
9.590313119752661208e+00
9.590313655120983327e+00
9.603703375833720912e+00
9.603706045954341519e+00
9.603708264488254542e+00
9.603709042396067375e+00
9.603715886327540474e+00
9.619692503245619974e+00
9.619694268686505012e+00
9.619696148772060695e+00
9.619701713894251327e+00
9.619702523061718580e+00
9.637581044063908919e+00
9.637581728727386832e+00
9.637582826507900435e+00
9.637583215692615113e+00
9.637585587261987996e+00
9.662239491898345634e+00
9.662241066978198845e+00
9.662241078704257191e+00
9.662242088666584294e+00
9.662248259903075009e+00
9.670942919741589705e+00
9.670947310512037376e+00
9.670949244727736982e+00
9.670949824060715017e+00
9.670954382345103184e+00
9.720800727018326981e+00
9.720804094692990560e+00
9.720805890717088005e+00
9.720809762098012285e+00
9.720812054561081439e+00
9.722757924524296769e+00
9.722759816764991569e+00
9.722762311843275995e+00
9.722762349898305345e+00
9.722763495534589850e+00
9.746740962444830458e+00
9.746741010917444825e+00
9.746743342978719582e+00
9.746744223426610176e+00
9.746745653816969224e+00
9.747298682742824738e+00
9.747300770992962882e+00
9.747301812696679946e+00
9.747304551726083233e+00
9.747307848021421250e+00
9.752683186861961673e+00
9.752685689624167154e+00
9.752686903392316253e+00
9.752688037643775232e+00
9.752695214272822710e+00
1.338231898415592269e+01
1.338231901945996860e+01
1.338232071796966061e+01
1.338232135922613431e+01
1.338232240102217752e+01
1.339312692874968569e+01
1.339312804305625981e+01
1.339313075566724898e+01
1.339313096872049513e+01
1.339313279863975659e+01
1.346386157014398499e+01
1.346386208514110017e+01
1.346386237469768510e+01
1.346386380188465814e+01
1.346387029908562205e+01
1.346576497575982501e+01
1.346576546578024924e+01
1.346576625147265815e+01
1.346576653001603141e+01
1.346576822737195300e+01
1.346870086418879531e+01
1.346870552506810093e+01
1.346870882581919915e+01
1.346870954485989280e+01
1.346871425371033659e+01
1.350679217247752106e+01
1.350679337217387044e+01
1.350679358318990708e+01
1.350679768200442332e+01
1.350679814530816181e+01
1.351160318078502343e+01
1.351160508236900704e+01
1.351160537156484409e+01
1.351160833238589554e+01
1.351160871238136352e+01
1.352294637758354767e+01
1.352294670375506591e+01
1.352295513001873495e+01
1.352295763753255287e+01
1.352295810463819947e+01
1.353281880627609723e+01
1.353281928015740654e+01
1.353282174455128306e+01
1.353282386235038359e+01
1.353282404030659158e+01
1.355085457736891286e+01
1.355085488952634343e+01
1.355085513706791644e+01
1.355085978150463966e+01
1.355086401579618816e+01
1.356895580582013849e+01
1.356895850892396105e+01
1.356895998123290248e+01
1.356896008268135567e+01
1.356896124349612798e+01
1.361484293022508574e+01
1.361484662550775759e+01
1.361484746051163164e+01
1.361484930106095526e+01
1.361485032685265928e+01
1.362568547299180821e+01
1.362568587767236039e+01
1.362568887346984781e+01
1.362568923327917503e+01
1.362568961312784310e+01
1.362849424055717229e+01
1.362849435452794289e+01
1.362849621548173751e+01
1.362849738979686620e+01
1.362849768136238993e+01
1.369293103824743518e+01
1.369293267324060004e+01
1.369293923257165346e+01
1.369294359711964937e+01
1.369294848855059499e+01
1.371146961454533653e+01
1.371147065047363789e+01
1.371147195200063251e+01
1.371147557856921750e+01
1.371147643841829300e+01
1.371345636572706006e+01
1.371346098912306033e+01
1.371346391354861183e+01
1.371346408170816744e+01
1.371347152877782349e+01
1.374920445513484957e+01
1.374920555644579778e+01
1.374920655948917059e+01
1.374920658255959260e+01
1.374920798461860372e+01
1.375384633666160994e+01
1.375384717764815079e+01
1.375384990758587556e+01
1.375385571199945289e+01
1.375385726525471775e+01
1.378146527749861505e+01
1.378146529275461241e+01
1.378146763822344134e+01
1.378146776701596465e+01
1.378146902611619318e+01
1.378550344176446707e+01
1.378550444084292437e+01
1.378550561651258377e+01
1.378550618824350593e+01
1.378550833126584330e+01
1.382323062288262605e+01
1.382323131735123667e+01
1.382323229489036720e+01
1.382323423123184902e+01
1.382323489949440187e+01
1.382402057858349664e+01
1.382402255289320792e+01
1.382402296732032987e+01
1.382402325521047359e+01
1.382402471688328660e+01
1.385478438549297842e+01
1.385478862468136008e+01
1.385479171263141041e+01
1.385479244276506883e+01
1.385479776154455500e+01
1.387467169653394272e+01
1.387467383647629937e+01
1.387467781412599166e+01
1.387467895548217811e+01
1.387467930144333117e+01
1.388134994641731446e+01
1.388135517497121185e+01
1.388135594585053489e+01
1.388135690805837896e+01
1.388135878126129263e+01
1.388449558025785890e+01
1.388450250501255745e+01
1.388450440823150167e+01
1.388450461378439016e+01
1.388450471221426064e+01
1.388821120892464123e+01
1.388821247975778839e+01
1.388821449691788068e+01
1.388821582524551701e+01
1.388821821709322002e+01
1.392004469984920689e+01
1.392005057094621279e+01
1.392005116532981823e+01
1.392005132417980739e+01
1.392005249379828946e+01
1.393589569704079167e+01
1.393589602224413859e+01
1.393589943234737838e+01
1.393590324214760123e+01
1.393590342310465324e+01
1.412645812270365120e+01
1.412646125116973472e+01
1.412646678617834617e+01
1.412646918079673597e+01
1.412647142518258292e+01
1.414115030946563500e+01
1.414115040237179421e+01
1.414115083258077554e+01
1.414115153222324928e+01
1.414115285564087010e+01
1.418181557633225154e+01
1.418181645556731851e+01
1.418182126017318012e+01
1.418182140057827567e+01
1.418182557406132993e+01
1.420118995072595958e+01
1.420119005502707665e+01
1.420119029520060927e+01
1.420119268262000567e+01
1.420119373465132284e+01
1.423289010688974621e+01
1.423289074879028071e+01
1.423289524777021597e+01
1.423289695394440812e+01
1.423289895229007662e+01
1.423619407575634455e+01
1.423620292283374233e+01
1.423620633467005980e+01
1.423620665981285782e+01
1.423621222759410898e+01
1.424145112058809914e+01
1.424145178088947539e+01
1.424145470340372199e+01
1.424145474375774612e+01
1.424145620824640268e+01
1.424579809789890383e+01
1.424579819599800423e+01
1.424580152747819284e+01
1.424580243899584708e+01
1.424580343566834451e+01
1.427763139769688827e+01
1.427763250121321725e+01
1.427763359828581713e+01
1.427763435171947570e+01
1.427763847491944205e+01
1.429697457496864921e+01
1.429698282557897038e+01
1.429698392734635526e+01
1.429698723638305680e+01
1.429698781417959985e+01
1.430715893874811151e+01
1.430716331482240555e+01
1.430716615127538027e+01
1.430717220606853601e+01
1.430717483301647341e+01
1.435335915670613893e+01
1.435336106512338894e+01
1.435336800526273571e+01
1.435337154827046291e+01
1.435337219800977415e+01
1.436631740125840118e+01
1.436631782004003810e+01
1.436631814689135922e+01
1.436632068900732762e+01
1.436632199818032696e+01
1.439149110790122421e+01
1.439149344504940586e+01
1.439149556506550098e+01
1.439149652420136682e+01
1.439149732859301878e+01
1.439388243277330659e+01
1.439388391158550284e+01
1.439388468374677466e+01
1.439388556129650532e+01
1.439388910882670380e+01
1.441633443462657560e+01
1.441633566167907965e+01
1.441633721093884368e+01
1.441633810278463024e+01
1.441633866600670366e+01
1.447699215743726242e+01
1.447699413639792887e+01
1.447699588779384783e+01
1.447699704745773630e+01
1.447699711627380381e+01
1.448691455441426967e+01
1.448691958220242171e+01
1.448692205754210782e+01
1.448692298371880050e+01
1.448692622029946087e+01
1.449241039773577455e+01
1.449241174369538854e+01
1.449242043856718887e+01
1.449242381569073501e+01
1.449242413623062475e+01
1.449560617261313489e+01
1.449560687020381344e+01
1.449560799694514301e+01
1.449560987155076575e+01
1.449561297528669535e+01
1.450266093001212120e+01
1.450266604140769644e+01
1.450266635901826184e+01
1.450266761227740453e+01
1.450266948812183365e+01
1.451192747129408467e+01
1.451193215477525555e+01
1.451193327468466343e+01
1.451193620730535017e+01
1.451193928344864759e+01
1.451363479461985051e+01
1.451363702496724173e+01
1.451363940276180209e+01
1.451363948115358049e+01
1.451364122696988801e+01
1.453213657608887210e+01
1.453213807956351644e+01
1.453214683647946082e+01
1.453214714129677176e+01
1.453215199618074394e+01
1.459741010260039218e+01
1.459741201167521929e+01
1.459741388322602873e+01
1.459741668195438002e+01
1.459741882045247152e+01
1.459914927630373782e+01
1.459915184805267963e+01
1.459915255625476327e+01
1.459915276735263134e+01
1.459915311806133431e+01
1.460173169088173672e+01
1.460173328807576887e+01
1.460173386841781884e+01
1.460173528011653765e+01
1.460173626939960911e+01
1.461166291517156601e+01
1.461166366405277017e+01
1.461166710909128241e+01
1.461166750495302047e+01
1.461166754109537003e+01
1.462003568065755488e+01
1.462003835695378839e+01
1.462004184420140440e+01
1.462004195098632131e+01
1.462004417665350253e+01
1.462067659417306054e+01
1.462067689741483889e+01
1.462067832853865923e+01
1.462068338433945947e+01
1.462068621479511776e+01
1.635201245973106410e+01
1.635201254051011333e+01
1.635201277598876857e+01
1.635201301864697143e+01
1.635201311218285625e+01
1.635231249347320670e+01
1.635231257086898893e+01
1.635231260805027276e+01
1.635231267732487836e+01
1.635231278774045194e+01
1.639936810536613621e+01
1.639936843413489598e+01
1.639937011084267127e+01
1.639937116012988838e+01
1.639937776572331174e+01
1.640914678323343168e+01
1.640914826173802155e+01
1.640915018453423713e+01
1.640915844141313684e+01
1.640915968114759949e+01
1.644689124959790405e+01
1.644689493414790604e+01
1.644689713936339714e+01
1.644690177922273477e+01
1.644690255488856323e+01
1.644907782865045576e+01
1.644908396991759503e+01
1.644908397294512170e+01
1.644908444723596119e+01
1.644909264003032945e+01
1.645433390766396187e+01
1.645433395990551873e+01
1.645433999882401821e+01
1.645434450214592914e+01
1.645434456761496023e+01
1.646775823533063843e+01
1.646776413851315723e+01
1.646776508642262726e+01
1.646776854719545824e+01
1.646777091284974048e+01
1.647555520216845437e+01
1.647556203608544578e+01
1.647556282132115868e+01
1.647556502838673254e+01
1.647556975106171961e+01
1.647615476626145181e+01
1.647615601415269282e+01
1.647615721990415949e+01
1.647615934734184506e+01
1.647615961586619449e+01
1.648612951972354068e+01
1.648613018679035136e+01
1.648613225123163772e+01
1.648613498198410454e+01
1.648613923508472467e+01
1.652681730316215791e+01
1.652681778450104488e+01
1.652682020890286196e+01
1.652682066045674958e+01
1.652682481595905273e+01
