3.922718532752510257e+00
3.922719029665519663e+00
3.922719224938231442e+00
3.922719338277975698e+00
3.922724069623046539e+00
3.922873175441694116e+00
3.922876254408238061e+00
3.922877008497717810e+00
3.922878163211291902e+00
3.922878941925177720e+00
3.943437101945459045e+00
3.943437801550824240e+00
3.943439600120686173e+00
3.943440880512855351e+00
3.943446195740472504e+00
3.951717397461513848e+00
3.951717440354256983e+00
3.951717530251877886e+00
3.951718417460940547e+00
3.951720266921736613e+00
3.966844062589302222e+00
3.966847711584098324e+00
3.966850281886121543e+00
3.966853157554486309e+00
3.966854430981807234e+00
3.967806450634910220e+00
3.967806953179552565e+00
3.967808092902175954e+00
3.967809200226241284e+00
3.967810047041063104e+00
3.971218217940181816e+00
3.971220348834851421e+00
3.971225560327692694e+00
3.971226076226333390e+00
3.971231788513482908e+00
3.994341994108666416e+00
3.994343706906054781e+00
3.994344635118506570e+00
3.994346810005360737e+00
3.994348608747113172e+00
4.049582377344606243e+00
4.049583147547410888e+00
4.049583319182357144e+00
4.049583541773154494e+00
4.049585584464169052e+00
4.050581239205060413e+00
4.050582375152984582e+00
4.050585380324675633e+00
4.050587365074354018e+00
4.050593258536334673e+00
4.104053002204040901e+00
4.104053697662837230e+00
4.104054212580530603e+00
4.104056854540394816e+00
4.104058630867742252e+00
4.142078599121460591e+00
4.142080089242601737e+00
4.142080159122949468e+00
4.142080483090593290e+00
4.142081324068855430e+00
4.143154055330310115e+00
4.143154580980536572e+00
4.143157384640365315e+00
4.143157645817981738e+00
4.143163665642476623e+00
4.149423475737322953e+00
4.149430188290918586e+00
4.149435663159509957e+00
4.149435790622624687e+00
4.149437273040767593e+00
4.150210120391495394e+00
4.150212262921018080e+00
4.150215415866988167e+00
4.150217529588056564e+00
4.150220383606153085e+00
4.177518256249755702e+00
4.177521713971095174e+00
4.177524461149210389e+00
4.177525057985888246e+00
4.177525880841433725e+00
4.195288122715768786e+00
4.195288943732004228e+00
4.195290171871309148e+00
4.195290482529189902e+00
4.195296151524942729e+00
4.209544754554819690e+00
4.209545590654649061e+00
4.209545707104270562e+00
4.209548358743488983e+00
4.209551934838196452e+00
4.223840367793271433e+00
4.223843809778007774e+00
4.223843974106998189e+00
4.223847435656264082e+00
4.223847506764418114e+00
4.256667369691928826e+00
4.256670937493289841e+00
4.256672989295748444e+00
4.256673820320275858e+00
4.256676128401126746e+00
4.268568602213158591e+00
4.268569436110884574e+00
4.268572390331454969e+00
4.268576255439278100e+00
4.268579252643671218e+00
4.281860537196418903e+00
4.281860883973228837e+00
4.281861615045493785e+00
4.281862191757227265e+00
4.281862234845956294e+00
4.283800606027314828e+00
4.283805771752494884e+00
4.283806197040197716e+00
4.283807588034271419e+00
4.283811346791546626e+00
4.327407064490236266e+00
4.327409512895678212e+00
4.327413004625281445e+00
4.327416178853149553e+00
4.327417408316420300e+00
4.513146264170927680e+00
4.513147361587033224e+00
4.513148047494121684e+00
4.513149039096759019e+00
4.513150833397882700e+00
4.546278142722902871e+00
4.546279285305732998e+00
4.546280311078497505e+00
4.546280337110768954e+00
4.546281723694650445e+00
4.553158334705701193e+00
4.553164742297384215e+00
4.553167129339752428e+00
4.553167546543834376e+00
4.553168474897452356e+00
4.559025394292074651e+00
4.559025542909362017e+00
4.559026158940087115e+00
4.559029068244685234e+00
4.559032318924708171e+00
4.604436802878284496e+00
4.604437235547901963e+00
4.604437269460841087e+00
4.604437962118721472e+00
4.604441032090648811e+00
4.605236260453962061e+00
4.605241110452307218e+00
4.605243604968145554e+00
4.605244485258084275e+00
4.605244806066231433e+00
4.608976979612720015e+00
4.608977498686665619e+00
4.608979271411405065e+00
4.608979837523700773e+00
4.608980748115573789e+00
4.711994386180866634e+00
4.711995968981722349e+00
4.711996458434577484e+00
4.711996462403171826e+00
4.711998875148422528e+00
4.726751911302304876e+00
4.726753519203217735e+00
4.726753576547015001e+00
4.726755388191778096e+00
4.726758327225964784e+00
4.746435052204970972e+00
4.746435348353540640e+00
4.746437442545725638e+00
4.746438069847747521e+00
4.746438653906737137e+00
4.760479671640243993e+00
4.760482400408597492e+00
4.760487587569156354e+00
4.760488848616284407e+00
4.760491480204538384e+00
4.774051112985699952e+00
4.774053250907451584e+00
4.774053496956228493e+00
4.774058334771371648e+00
4.774062691377229939e+00
4.835883063112671465e+00
4.835887249492072826e+00
4.835887253483067028e+00
4.835887875716309736e+00
4.835890358248416732e+00
4.867630208273837411e+00
4.867630545522123597e+00
4.867630864321985662e+00
4.867632637792215888e+00
4.867633712513709909e+00
4.877335119929734120e+00
4.877336033061490106e+00
4.877336323886225955e+00
4.877336914618467745e+00
4.877336981817023798e+00
4.886529922818441563e+00
4.886531594924973021e+00
4.886531630932107184e+00
4.886534599427287517e+00
4.886536277016675811e+00
4.897940342654246493e+00
4.897940746415782698e+00
4.897941732748562593e+00
4.897942900249042886e+00
4.897944371437878530e+00
4.928945077965466659e+00
4.928953321162617307e+00
4.928953429410751319e+00
4.928954749812580083e+00
4.928958182182113568e+00
4.969005038445825306e+00
4.969006860651330904e+00
4.969007661746961624e+00
4.969008956733725668e+00
4.969011606154689176e+00
4.981932208902485115e+00
4.981932656509920676e+00
4.981933276690887702e+00
4.981937995037674760e+00
4.981943881147197217e+00
4.986049903490738622e+00
4.986050409612803769e+00
4.986053493987003371e+00
4.986054732361048458e+00
4.986055561242775269e+00
4.996688676533691087e+00
4.996688780652643658e+00
4.996688917803468577e+00
4.996689030578148838e+00
4.996694203821163249e+00
5.020527099757554623e+00
5.020528319101488002e+00
5.020532643584743049e+00
5.020533289581893932e+00
5.020539423956354774e+00
5.035246692725193540e+00
5.035251752593905117e+00
5.035252872110794087e+00
5.035258413438182146e+00
5.035259784976342523e+00
5.073659207642941205e+00
5.073660439455916382e+00
5.073661925995858191e+00
5.073662743866604430e+00
5.073663872902894667e+00
5.100339631308879795e+00
5.100340781330205076e+00
5.100340826748738010e+00
5.100344158760269586e+00
5.100344640923787587e+00
5.117925753554851909e+00
5.117925949522912354e+00
5.117926075638451699e+00
5.117927475306776941e+00
5.117931517800917263e+00
5.128682266479373197e+00
5.128684081652915339e+00
5.128686223868642813e+00
5.128686537555205760e+00
5.128687958201395780e+00
5.129522862040873932e+00
5.129526552129348715e+00
5.129527360274044767e+00
5.129529945277637282e+00
5.129533665909602469e+00
5.181891027549691664e+00
5.181892984277077119e+00
5.181894608982316797e+00
5.181895118216885976e+00
5.181900016432196665e+00
5.182223427728681386e+00
5.182223451232106370e+00
5.182223565787181130e+00
5.182224630108193786e+00
5.182225081063152494e+00
5.194066225280536742e+00
5.194070501417939134e+00
5.194071214731271979e+00
5.194077092044361521e+00
5.194077783302826212e+00
5.202863244137788001e+00
5.202864250362486231e+00
5.202865274500195092e+00
5.202869548595273841e+00
5.202871529924604665e+00
5.226281243723877701e+00
5.226282722365869660e+00
5.226283436114043113e+00
5.226284682735911957e+00
5.226284957500883621e+00
5.243608258937734412e+00
5.243618175115346780e+00
5.243618984832898455e+00
5.243620883292383184e+00
5.243622106616760981e+00
5.266421755774977065e+00
5.266426284170319327e+00
5.266428131874582697e+00
5.266429891947674413e+00
5.266431220361659449e+00
5.605568114696315440e+00
5.605572167548999118e+00
5.605573375507629130e+00
5.605575382795239925e+00
5.605575566540871080e+00
5.611993977482513607e+00
5.611994892852274042e+00
5.611996468539516059e+00
5.611996930701227626e+00
5.611997419858637315e+00
5.633385178735784926e+00
5.633386218261624556e+00
5.633386875841211783e+00
5.633387311635869033e+00
5.633389283876980791e+00
5.638016971187654214e+00
5.638021452468942485e+00
5.638022108736360671e+00
5.638022762050540315e+00
5.638024796779454562e+00
5.660745982006258004e+00
5.660748175656642900e+00
5.660751309366982120e+00
5.660752205917514601e+00
5.660755353713848415e+00
5.660823673653862187e+00
5.660825725925502816e+00
5.660825797151860073e+00
5.660826683957035144e+00
5.660830293419861547e+00
5.707510640244134237e+00
5.707516209841194232e+00
5.707518297053457701e+00
5.707519694227958240e+00
5.707520333288354841e+00
5.715444411609651887e+00
5.715450157887828730e+00
5.715454212798840139e+00
5.715455926678115972e+00
5.715458180032464419e+00
5.720702541899902016e+00
5.720707164337290429e+00
5.720708272215949464e+00
5.720708779373407715e+00
5.720712526600160608e+00
5.726718161128587781e+00
5.726718233133179403e+00
5.726720476974583640e+00
5.726723294642408923e+00
5.726724294830335182e+00
5.783533397724958114e+00
5.783534077058765988e+00
5.783535704722501336e+00
5.783537664042657234e+00
5.783538742024643575e+00
5.828604087875587147e+00
5.828610868989282601e+00
5.828612101761446951e+00
5.828612742093953969e+00
5.828614106440742404e+00
5.902748873491061588e+00
5.902749524433508199e+00
5.902749939079241948e+00
5.902752517300720925e+00
5.902752800295807845e+00
5.909691681179315204e+00
5.909692214870415405e+00
5.909692379337523782e+00
5.909693971941356594e+00
5.909695554231198855e+00
5.937487460828864805e+00
5.937489731443752028e+00
5.937490694679024017e+00
5.937492131716891386e+00
5.937493277385668122e+00
5.946257149888491078e+00
5.946259922682491705e+00
5.946261679357879970e+00
5.946262421866361336e+00
5.946262612120321478e+00
5.980370195305637182e+00
5.980372209486629842e+00
5.980374701412946692e+00
5.980379841356232795e+00
5.980381531307178200e+00
6.003504809400922682e+00
6.003506224157678872e+00
6.003506414804602009e+00
6.003506509107823241e+00
6.003507500544993825e+00
6.010419631115619055e+00
6.010421490386510968e+00
6.010421982989215373e+00
6.010422104353404293e+00
6.010422726339638366e+00
6.075542547336821642e+00
6.075543130881386311e+00
6.075545235976766989e+00
6.075545801423934300e+00
6.075548879566356142e+00
6.085264459536660731e+00
6.085271032830007698e+00
6.085271421325428420e+00
6.085274210920982974e+00
6.085274900265393860e+00
6.171588939859815603e+00
6.171591857640944312e+00
6.171595938596433406e+00
6.171596958340685113e+00
6.171597905324033739e+00
6.172917646988335783e+00
6.172920846495603797e+00
6.172926448662740206e+00
6.172927202316579987e+00
6.172929066156520150e+00
6.229258466631481639e+00
6.229258706932952805e+00
6.229259962868782807e+00
6.229261568653221559e+00
6.229264127920728811e+00
6.265493472177589673e+00
6.265493888170349912e+00
6.265497277104189244e+00
6.265497408394644197e+00
6.265497892769576360e+00
6.351789856733297768e+00
6.351794704239111411e+00
6.351797764231792875e+00
6.351798406829361809e+00
6.351801269451052612e+00
6.354415579744530085e+00
6.354415737304258016e+00
6.354416973924515766e+00
6.354416982359594179e+00
6.354420949968612398e+00
6.357526732204906494e+00
6.357527679577965607e+00
6.357529540953781755e+00
6.357533437088632056e+00
6.357533958926211426e+00
6.357986939472273669e+00
6.357988712486049465e+00
6.357989003261960370e+00
6.357991263355117439e+00
6.357995566245702612e+00
6.360821531225348657e+00
6.360823864233311475e+00
6.360823884694497110e+00
6.360824851927617374e+00
6.360826708384688999e+00
6.398227931114989886e+00
6.398230085226694897e+00
6.398233505984287639e+00
6.398234095162507629e+00
6.398235517711113651e+00
6.405788826155604632e+00
6.405793527698188328e+00
6.405797071824864908e+00
6.405798969644614260e+00
6.405801116698832232e+00
6.421797493521577138e+00
6.421798109408299204e+00
6.421798447576816393e+00
6.421801855935762582e+00
6.421802335147042129e+00
6.424380775288774714e+00
6.424380780791250523e+00
6.424382482993987509e+00
6.424384102939362684e+00
6.424386045794570066e+00
6.426706206930576037e+00
6.426706743589596371e+00
6.426707803113504092e+00
6.426707961273796954e+00
6.426709325455758126e+00
6.433000273736976027e+00
6.433000937711730316e+00
6.433003291177457506e+00
6.433003893252359440e+00
6.433004001094667856e+00
6.434580576440083632e+00
6.434583703558451440e+00
6.434587297581717991e+00
6.434587728215383606e+00
6.434589955506099912e+00
6.453012648709127497e+00
6.453014826892929712e+00
6.453019196934098645e+00
6.453019593616619254e+00
6.453024714349078650e+00
6.455240228055033391e+00
6.455242033463966855e+00
6.455242122167067720e+00
6.455242941717995286e+00
6.455244600555428036e+00
6.482744331978548047e+00
6.482748342709286682e+00
6.482750071273764902e+00
6.482750683791564938e+00
6.482754829252762363e+00
6.501561244416605767e+00
6.501565154891551401e+00
6.501565596254490487e+00
6.501566841415998610e+00
6.501568536968598266e+00
6.503914108335070665e+00
6.503915568840049843e+00
6.503916353790228477e+00
6.503917750871393899e+00
6.503920782520340005e+00
6.515824247361188704e+00
6.515828027764391628e+00
6.515829027061712964e+00
6.515829666550530419e+00
6.515833165313551056e+00
6.520118356609794219e+00
6.520120331351254350e+00
6.520125612455637487e+00
6.520125762675133885e+00
6.520126806013823106e+00
6.527995363134076356e+00
6.527997393420128525e+00
6.527998910156158630e+00
6.527999436925527199e+00
6.528002462545491547e+00
6.528426629671195691e+00
6.528430368741020118e+00
6.528433182058311246e+00
6.528438167938791281e+00
6.528438434648824895e+00
6.585844929665441327e+00
6.585847359694878556e+00
6.585847962123025034e+00
6.585848306976103572e+00
6.585849008366347235e+00
6.609426523821866795e+00
6.609432063112532951e+00
6.609435038201072032e+00
6.609435191701331647e+00
6.609435234844198703e+00
6.619461325342117064e+00
6.619461513899752347e+00
6.619465818780243538e+00
6.619467063110142213e+00
6.619467597548914561e+00
6.630844167442030646e+00
6.630844948428517682e+00
6.630848170611358228e+00
6.630850169729368915e+00
6.630855215852628604e+00
6.656676251448616632e+00
6.656677451191397310e+00
6.656680863177984797e+00
6.656683001660812948e+00
6.656684099256927389e+00
6.687144141948787812e+00
6.687145717456737692e+00
6.687146991064275348e+00
6.687148818966121233e+00
6.687149152037808797e+00
6.687768140800038452e+00
6.687768472554951771e+00
6.687769494599824505e+00
6.687769613421203019e+00
6.687772084438882381e+00
6.724615084731615511e+00
6.724615545546079431e+00
6.724615903172463049e+00
6.724617595491953814e+00
6.724618988976253320e+00
6.739595627691620017e+00
6.739596143494059000e+00
6.739602659682542019e+00
6.739605346843390521e+00
6.739605906801969581e+00
6.764506184231040997e+00
6.764508777657104233e+00
6.764509176584803107e+00
6.764512812472158743e+00
6.764515088651957164e+00
6.774412813587610493e+00
6.774413115783535666e+00
6.774414539176059513e+00
6.774418765163547462e+00
6.774419956535023601e+00
6.792979121666721909e+00
6.792979702376563900e+00
6.792980987011519645e+00
6.792981795868437978e+00
6.792982301449047355e+00
6.800228556533963520e+00
6.800231995167517418e+00
6.800233865199049710e+00
6.800234631584413769e+00
6.800240178773100830e+00
6.806063148884235581e+00
6.806065201649187379e+00
6.806065302992617916e+00
6.806067232888608487e+00
6.806067505241187199e+00
6.817226813543758368e+00
6.817228050879624135e+00
6.817232061614156180e+00
6.817234792208640926e+00
6.817235183760349315e+00
6.825877910459577258e+00
6.825878194884523076e+00
6.825881272355973195e+00
6.825881561666596653e+00
6.825883391898809549e+00
6.833202256116820195e+00
6.833204182885215694e+00
6.833205201733663081e+00
6.833208201079489896e+00
6.833212609797824300e+00
6.867178015203916353e+00
6.867178574684074555e+00
6.867179744363767213e+00
6.867180772900915109e+00
6.867182771974254862e+00
6.885349093786023111e+00
6.885349580856442664e+00
6.885351129034742002e+00
6.885352890687594041e+00
6.885353504984330186e+00
6.890715142022633799e+00
6.890715750551608565e+00
6.890717353048230187e+00
6.890717482766218538e+00
6.890719007977325283e+00
6.922235136471456052e+00
6.922235715894107244e+00
6.922240264199155391e+00
6.922241983158346379e+00
6.922243708285630071e+00
6.996104639047361573e+00
6.996106532993906058e+00
6.996107515483164008e+00
6.996108959035730379e+00
6.996109456190634290e+00
7.005591275438496801e+00
7.005595605828243144e+00
7.005596164617254651e+00
7.005596569957479147e+00
7.005598856300579769e+00
7.009947262469240492e+00
7.009950388761677864e+00
7.009952521679442938e+00
7.009952724191513163e+00
7.009954888877674151e+00
7.030331470727395171e+00
7.030333446551450649e+00
7.030337580038385603e+00
7.030340442531925582e+00
7.030341883706651807e+00
7.031106454534733707e+00
7.031109508640864370e+00
7.031110604883129334e+00
7.031111369506246156e+00
7.031112805502411689e+00
7.062989822504347259e+00
7.062993396315756733e+00
7.062993932299531430e+00
7.062995817271874976e+00
7.062997692679787498e+00
7.078892785323140480e+00
7.078894558622836897e+00
7.078895650996701150e+00
7.078895797820448976e+00
7.078897206917190488e+00
7.082541086418065568e+00
7.082541474308498231e+00
7.082544577092331650e+00
7.082545388523817209e+00
7.082546464895234983e+00
7.082721113604573127e+00
7.082721819039627498e+00
7.082725511256241724e+00
7.082730433519265567e+00
7.082731294896059460e+00
7.102121242882296848e+00
7.102124072304003555e+00
7.102127207126044617e+00
7.102128556003475701e+00
7.102132653485148772e+00
7.107615809264030915e+00
7.107617926401221808e+00
7.107618759619848348e+00
7.107619885376538882e+00
7.107621890203501991e+00
7.130024925713793316e+00
7.130028354789341272e+00
7.130029789285596387e+00
7.130029903597879581e+00
7.130030506112858824e+00
7.140177024878304302e+00
7.140178574090426444e+00
7.140179493584176917e+00
7.140180475408167027e+00
7.140181006466152169e+00
7.145080015073308921e+00
7.145081175892965319e+00
7.145081887543346610e+00
7.145084882217984656e+00
7.145087386064638224e+00
7.151356804991623406e+00
7.151358109233518334e+00
7.151363199097078294e+00
7.151363945996594751e+00
7.151366714174291594e+00
7.170411867710250853e+00
7.170414383876289932e+00
7.170416571448272158e+00
7.170417031763214766e+00
7.170418423809032049e+00
7.173884441395749434e+00
7.173886037804056315e+00
7.173886444285272113e+00
7.173888804734849245e+00
7.173890210046429239e+00
7.177490856936008967e+00
7.177491927923012049e+00
7.177492485443645265e+00
7.177493030919640304e+00
7.177494554633949697e+00
7.198258088093257179e+00
7.198262781873137506e+00
7.198263584254190661e+00
7.198265009389415603e+00
7.198266907054780006e+00
7.208853721258325464e+00
7.208854373178862573e+00
7.208855068157495438e+00
7.208860124416341719e+00
7.208860801437353416e+00
7.209015218918601420e+00
7.209021104498169130e+00
7.209022105431499128e+00
7.209024766090070813e+00
7.209024866554422317e+00
7.224224452776921268e+00
7.224225516025922111e+00
7.224226802405916636e+00
7.224230035713149256e+00
7.224231819294007373e+00
7.224634995742000854e+00
7.224635375588168706e+00
7.224639721626262556e+00
7.224639766562759746e+00
7.224642366518913228e+00
7.239876511108459312e+00
7.239877712261443499e+00
7.239881015362062300e+00
7.239881419091060977e+00
7.239881524465713980e+00
7.306626645025732891e+00
7.306626923286833275e+00
7.306627698124492198e+00
7.306628055368633134e+00
7.306629220885648479e+00
7.342840306066857003e+00
7.342844058265161955e+00
7.342844424608217402e+00
7.342849002812191550e+00
7.342849345111201131e+00
7.355258949962264481e+00
7.355260348043433538e+00
7.355264874700299771e+00
7.355268859327985354e+00
7.355271195251743777e+00
7.399291883944030701e+00
7.399293217828307512e+00
7.399298221007177823e+00
7.399300534408641106e+00
7.399305254292459999e+00
7.408938948574214756e+00
7.408939277480953933e+00
7.408941752544691006e+00
7.408942018675811703e+00
7.408945055600020702e+00
7.499830685295502342e+00
7.499832284878110045e+00
7.499836885832917410e+00
7.499838094079098738e+00
7.499838490594314067e+00
7.544406015021990264e+00
7.544406172396870502e+00
7.544406261151370252e+00
7.544406729949015400e+00
7.544407957388040487e+00
7.560411134839163161e+00
7.560411696382677071e+00
7.560414785750846356e+00
7.560417400229964002e+00
7.560420407715433555e+00
7.583521140321295206e+00
7.583522360104175242e+00
7.583523135733154064e+00
7.583523184285784424e+00
7.583525959149873152e+00
7.587595761247431625e+00
7.587597986095468094e+00
7.587602004493909646e+00
7.587602599662162106e+00
7.587603406201460565e+00
7.604939336497038127e+00
7.604941049587432111e+00
7.604942784597395367e+00
7.604944914060851602e+00
7.604945471264077383e+00
7.676579032700699301e+00
7.676579483917299385e+00
7.676582682613402930e+00
7.676585851366477975e+00
7.676588097384150267e+00
7.678067059390662585e+00
7.678067235515719346e+00
7.678069047221442567e+00
7.678072505010616666e+00
7.678073373666079782e+00
7.678521310708202208e+00
7.678522960172744938e+00
7.678523093114979048e+00
7.678523234014467569e+00
7.678526238940647453e+00
7.691090909760461614e+00
7.691095781421526389e+00
7.691096530339480708e+00
7.691099402153114717e+00
7.691099949721105666e+00
7.723848207215105788e+00
7.723849460605767270e+00
7.723855224180473655e+00
7.723858289799212073e+00
7.723862642130555400e+00
7.726201480384783160e+00
7.726205978945940522e+00
7.726206328968959092e+00
7.726208698799173824e+00
7.726210892960404308e+00
7.824375361669453355e+00
7.824376740175538636e+00
7.824379661148863185e+00
7.824381186809599598e+00
7.824382992792465963e+00
7.847386487563868585e+00
7.847388622854102103e+00
7.847389810796963516e+00
7.847390726228686830e+00
7.847392322580794222e+00
7.875831627745733421e+00
7.875833970323396827e+00
7.875836390466729675e+00
7.875838599012806363e+00
7.875839584076101296e+00
7.876084673910000333e+00
7.876085783699920739e+00
7.876089488591403232e+00
7.876090703775572521e+00
7.876093641279285684e+00
7.886399644108837315e+00
7.886402103785983719e+00
7.886402276513670984e+00
7.886402491567368500e+00
7.886405732569177651e+00
7.931243699754785936e+00
7.931246658659658166e+00
7.931249855338059263e+00
7.931251046518449144e+00
7.931251257071610716e+00
7.935409313784639984e+00
7.935412470974650745e+00
7.935414685478005659e+00
7.935416339430465094e+00
7.935417895372618879e+00
7.954132054473322277e+00
7.954133121277264351e+00
7.954136492354151322e+00
7.954137061278237830e+00
7.954138054025715832e+00
7.962656590692581915e+00
7.962659831777318509e+00
7.962660535028478037e+00
7.962662176866477814e+00
7.962662374583013403e+00
7.970690894458273057e+00
7.970693130562738205e+00
7.970693824605234568e+00
7.970693835934235416e+00
7.970695005731935900e+00
8.005088146379153002e+00
8.005090499332283116e+00
8.005098769415653237e+00
8.005102105563675963e+00
8.005103297378491689e+00
8.018238410311830933e+00
8.018240282512117290e+00
8.018241920371321996e+00
8.018242796498494585e+00
8.018244971151728961e+00
8.103652451882423335e+00
8.103652457855039515e+00
8.103652550942692656e+00
8.103654837528559085e+00
8.103654955450657837e+00
8.137968229810191190e+00
8.137969088451983524e+00
8.137969444148827947e+00
8.137970677275754738e+00
8.137977839058054386e+00
8.168735304090835925e+00
8.168735490821084966e+00
8.168735606083721734e+00
8.168739933104737005e+00
8.168740364768609652e+00
8.188343001639585950e+00
8.188343504421391472e+00
8.188344640866064950e+00
8.188347888982246303e+00
8.188351054791189298e+00
8.196996619067252965e+00
8.197005367931632591e+00
8.197005373238448911e+00
8.197007616423205079e+00
8.197008479860198094e+00
8.202938864541170716e+00
8.202940666334239239e+00
8.202941369734396915e+00
8.202941853146345608e+00
8.202943139154385221e+00
8.208554478932329701e+00
8.208557984956918574e+00
8.208558408155479214e+00
8.208558633749289513e+00
8.208559897679982953e+00
8.210323614462465613e+00
8.210329372132399328e+00
8.210336049571905548e+00
8.210337158241433286e+00
8.210337234371070991e+00
8.225841621098718193e+00
8.225841784103314680e+00
8.225841817473758866e+00
8.225842138371000090e+00
8.225843404478352383e+00
8.318598043444580981e+00
8.318598402964287430e+00
8.318600159858627663e+00
8.318602936467154763e+00
8.318612178103988342e+00
8.351630057982692534e+00
8.351630677400672553e+00
8.351632002752515049e+00
8.351634022495238341e+00
8.351638446801921134e+00
8.397972850986123561e+00
8.397973371409317878e+00
8.397974575068682057e+00
8.397974789406074336e+00
8.397977867260665974e+00
8.416670000475246383e+00
8.416670558938374569e+00
8.416673252425805885e+00
8.416675052709354787e+00
8.416675285039811882e+00
8.446015355615925202e+00
8.446015544154532151e+00
8.446018229177580494e+00
8.446018437536114476e+00
8.446020680320406981e+00
8.457733004800990884e+00
8.457735278867504647e+00
8.457737740991971620e+00
8.457739883142540549e+00
8.457741597282337764e+00
8.536264754405172184e+00
8.536268456351404410e+00
8.536270355313261504e+00
8.536271255366713717e+00
8.536272926687619389e+00
8.562232969442025166e+00
8.562236323683199757e+00
8.562238573258747820e+00
8.562239006737666358e+00
8.562241996924637277e+00
8.564163077388238676e+00
8.564164525381329440e+00
8.564164738104937058e+00
8.564166671258798047e+00
8.564168710867388512e+00
8.572327831983562518e+00
8.572328669398999068e+00
8.572329277302641160e+00
8.572329860463840490e+00
8.572336802348587526e+00
8.590833320051087796e+00
8.590835775185089673e+00
8.590836690113484053e+00
8.590836912647102253e+00
8.590838408281232574e+00
8.614112919024220716e+00
8.614116759970228188e+00
8.614117927669671104e+00
8.614121748338595452e+00
8.614124954120413236e+00
8.619315522905516502e+00
8.619319256681469810e+00
8.619319467597195583e+00
8.619319831227983286e+00
8.619320841609273032e+00
8.634563066658323294e+00
8.634567275179456658e+00
8.634569416143460074e+00
8.634571526375816930e+00
8.634573126617203442e+00
8.664932766905925732e+00
8.664932985095729734e+00
8.664933592994236378e+00
8.664937056678486016e+00
8.664939100588069820e+00
8.748723896037638781e+00
8.748723988868320589e+00
8.748724551898980906e+00
8.748726519242671529e+00
8.748727485400376480e+00
8.782566190721251331e+00
8.782566634612003043e+00
8.782568378919688001e+00
8.782571638244688117e+00
8.782571884784092120e+00
8.789162545982410535e+00
8.789164517068730476e+00
8.789165582625008355e+00
8.789166430907995320e+00
8.789166824090893115e+00
8.860452395233554768e+00
8.860457548112288251e+00
8.860458692116340629e+00
8.860460335360686557e+00
8.860462275852203362e+00
8.871660469117378156e+00
8.871666808497712609e+00
8.871667637603430023e+00
8.871670678880050787e+00
8.871671030211839337e+00
8.877414580884460449e+00
8.877416663810480557e+00
8.877416781665711909e+00
8.877419439392284062e+00
8.877420433600066829e+00
8.932529650877178540e+00
8.932531081720343380e+00
8.932533282143426234e+00
8.932538158938925221e+00
8.932538864589394834e+00
9.014694185750284916e+00
9.014695828007731393e+00
9.014695982954721742e+00
9.014696086335911573e+00
9.014697433890944467e+00
9.018016199813571276e+00
9.018016223854333546e+00
9.018017794887077443e+00
9.018019736616237125e+00
9.018021361745601538e+00
9.022669593806481814e+00
9.022670555816608484e+00
9.022678023325449104e+00
9.022678522645033894e+00
9.022683318398136976e+00
9.076320567994500266e+00
9.076321100363296424e+00
9.076323985325776889e+00
9.076324665777441680e+00
9.076329137977532824e+00
9.076582705209048640e+00
9.076583136731574797e+00
9.076584149320712669e+00
9.076584220184376051e+00
9.076584394396384425e+00
9.112339286357812540e+00
9.112340315879340125e+00
9.112341325702193018e+00
9.112342015552313157e+00
9.112342028375580938e+00
9.119969585327572403e+00
9.119970380193128889e+00
9.119971558689204727e+00
9.119973903652356384e+00
9.119974736006673410e+00
9.122087401220181135e+00
9.122091161970484308e+00
9.122091608342902447e+00
9.122093101509104685e+00
9.122093414315598281e+00
9.140014108665260650e+00
9.140015197202902897e+00
9.140017858921282823e+00
9.140018761703938566e+00
9.140019456396140995e+00
9.151064252304209390e+00
9.151064357335709332e+00
9.151065932463824382e+00
9.151068823946195252e+00
9.151072164424231659e+00
9.158065196213662773e+00
9.158067656531045486e+00
9.158067918666032980e+00
9.158068324543119587e+00
9.158070237446315431e+00
9.168650974254608954e+00
9.168651745093168159e+00
9.168654916382227071e+00
9.168658096739131125e+00
9.168660226859756790e+00
9.168997471975874447e+00
9.168999930603117576e+00
9.169001646422579199e+00
9.169004020562974588e+00
9.169005619422424758e+00
9.178656413337412445e+00
9.178658686981448156e+00
9.178658841034456728e+00
9.178658852768197818e+00
9.178666350374655281e+00
9.195199733801326047e+00
9.195200193214937201e+00
9.195202134814655537e+00
9.195204372437840945e+00
9.195206380092836085e+00
9.267940339870557764e+00
9.267940928151192637e+00
9.267941226734230042e+00
9.267942161423968983e+00
9.267944593371282735e+00
9.298328850895734021e+00
9.298330404400566351e+00
9.298332205309725040e+00
9.298334075752494599e+00
9.298334978591597633e+00
9.303465488370449066e+00
9.303470965661150061e+00
9.303471301277818739e+00
9.303471357127939712e+00
9.303473371778949286e+00
9.315165295307432203e+00
9.315165602145780710e+00
9.315169138614713518e+00
9.315170399439830717e+00
9.315170786845509809e+00
9.328886384703160672e+00
9.328890728886259254e+00
9.328893305312265127e+00
9.328893562877647483e+00
9.328895769366276625e+00
9.331750423296799823e+00
9.331751614814873363e+00
9.331752824041151584e+00
9.331756219817359366e+00
9.331757422811630676e+00
9.339551384161874026e+00
9.339553210330780786e+00
9.339553389911104730e+00
9.339555056885741280e+00
9.339556017525673326e+00
9.360643753401792111e+00
9.360645241199989641e+00
9.360647672527793617e+00
9.360648453809170988e+00
9.360648796338852051e+00
9.372784816061873414e+00
9.372785837119080199e+00
9.372786325447732381e+00
9.372788463258947544e+00
9.372789993859885982e+00
9.388506794549385859e+00
9.388511340601342070e+00
9.388511561829169239e+00
9.388511887381302046e+00
9.388513368925881508e+00
9.390501244092352096e+00
9.390503718166559821e+00
9.390506143685760421e+00
9.390506428728963684e+00
9.390507290370420534e+00
9.399818199571734922e+00
9.399823223917564974e+00
9.399824486861442452e+00
9.399825613541986868e+00
9.399826266532802066e+00
9.403732707914446820e+00
9.403733503061431520e+00
9.403733699180344630e+00
9.403738378597099157e+00
9.403738397174818076e+00
9.412166344737006085e+00
9.412166414694333127e+00
9.412167849719850210e+00
9.412167931661652887e+00
9.412170428902145503e+00
9.417326699462009287e+00
9.417327153460265166e+00
9.417329480256068308e+00
9.417330498894045832e+00
9.417335352959455008e+00
9.423258677808862060e+00
9.423259757541442738e+00
9.423260228779634318e+00
9.423260684869116943e+00
9.423262170480029454e+00
9.424134139691560108e+00
9.424136525035066825e+00
9.424137422098640471e+00
9.424140698742778710e+00
9.424141124123725177e+00
9.435349621195813441e+00
9.435350170301045836e+00
9.435350939710721363e+00
9.435352459881929832e+00
9.435356602005034787e+00
9.442378926621191937e+00
9.442379263014169410e+00
9.442380970719197464e+00
9.442383680252566691e+00
9.442387981871959823e+00
9.444551175381496577e+00
9.444552879983255878e+00
9.444556201770414106e+00
9.444557002914431010e+00
9.444560391532260013e+00
9.448107402908796359e+00
9.448107487084383749e+00
9.448107883110777649e+00
9.448108137876069179e+00
9.448108249009429471e+00
9.480618398849307127e+00
9.480619773021169649e+00
9.480623069724900986e+00
9.480624061975033712e+00
9.480628115425686175e+00
9.488812635546134189e+00
9.488812686790691231e+00
9.488813744478285628e+00
9.488819429254622406e+00
9.488820922127258584e+00
9.490372696543587949e+00
9.490373228830359054e+00
9.490373437547122037e+00
9.490373961767788913e+00
9.490374650486669950e+00
9.511475496735508628e+00
9.511476492748114353e+00
9.511476751971798649e+00
9.511478113968406589e+00
9.511479506075801282e+00
9.536074836477533623e+00
9.536078932213177595e+00
9.536083321857038442e+00
9.536084208861622002e+00
9.536085834916756099e+00
9.537812929896453795e+00
9.537813198453825692e+00
9.537815814676859461e+00
9.537816857305449147e+00
9.537817974956325884e+00
9.540838943877000489e+00
9.540839989953715516e+00
9.540841468104371614e+00
9.540844175967869489e+00
9.540849856013876362e+00
9.587977408264997337e+00
9.587982108525233471e+00
9.587982229405726642e+00
9.587985081371371621e+00
9.587986108573582911e+00
9.606952147861463231e+00
9.606952576967369595e+00
9.606954078676551489e+00
9.606954086644735824e+00
9.606954264994708836e+00
9.619336433585218060e+00
9.619337254234306300e+00
9.619337542856056800e+00
9.619338046762885952e+00
9.619341581693623411e+00
9.630541908947805041e+00
9.630546365165374212e+00
9.630546532741535160e+00
9.630548841540653271e+00
9.630552005035847074e+00
9.645503264573600077e+00
9.645506896861355983e+00
9.645506968101779322e+00
9.645509491436934368e+00
9.645511934594242831e+00
9.647733577799503024e+00
9.647737793343059920e+00
9.647738233980025058e+00
9.647738483442633850e+00
9.647738936077200123e+00
9.655695456677371169e+00
9.655702689944424932e+00
9.655704106661513464e+00
9.655705332843375288e+00
9.655707413022621921e+00
9.724188275115819735e+00
9.724188394647647726e+00
9.724188766709540133e+00
9.724189676379209502e+00
9.724189817388387169e+00
9.724864180881910514e+00
9.724865557286639373e+00
9.724867928095475733e+00
9.724869956462141474e+00
9.724873128704558667e+00
9.777697134346102104e+00
9.777697784867354969e+00
9.777699488519781212e+00
9.777701823255810609e+00
9.777706496362016608e+00
9.781032803957872446e+00
9.781036744496976354e+00
9.781037779049828629e+00
9.781039679890886518e+00
9.781041196232639123e+00
9.813307068593136506e+00
9.813309305443297603e+00
9.813309367410161244e+00
9.813310421733332234e+00
9.813310573313167140e+00
9.814928636510812154e+00
9.814929644470204551e+00
9.814930625664146646e+00
9.814931738596046173e+00
9.814933425739575057e+00
9.823857884090140047e+00
9.823859607506614466e+00
9.823860577435938879e+00
9.823862725934235485e+00
9.823862880547549636e+00
9.839872046591866095e+00
9.839873005837016962e+00
9.839876480484905485e+00
9.839876915886701880e+00
9.839883656349805108e+00
9.872911840835001840e+00
9.872918334160370790e+00
9.872918899717550545e+00
9.872919091059138452e+00
9.872920401633955123e+00
9.890055214941925854e+00
9.890057116912926105e+00
9.890059248083399979e+00
9.890061367762081446e+00
9.890062334171608072e+00
9.909560312228791190e+00
9.909562352889253134e+00
9.909562789709744024e+00
9.909563872991585143e+00
9.909564950435512998e+00
9.932824143726696420e+00
9.932824674472010784e+00
9.932829162544779322e+00
9.932830607143163348e+00
9.932830916984341840e+00
9.951794927956463255e+00
9.951795800120699198e+00
9.951796941884413883e+00
9.951796949320259600e+00
9.951800195532465310e+00
9.967917630167296039e+00
9.967918539514656118e+00
9.967918760764455044e+00
9.967919072634970235e+00
9.967920795532034361e+00
9.968307643256201445e+00
9.968309018364148955e+00
9.968309076493364174e+00
9.968312640246594469e+00
9.968315671165315806e+00
9.991408889445972719e+00
9.991411871372331888e+00
9.991412144051510680e+00
9.991414629315508833e+00
9.991422442930735670e+00
9.995289972231921283e+00
9.995293939434697350e+00
9.995294114387030859e+00
9.995296378427203976e+00
9.995298418001334895e+00
1.000112341896649149e+01
1.000112361917899761e+01
1.000112466369657760e+01
1.000112790897606807e+01
1.000112828585355196e+01
1.001622151704922992e+01
1.001622335714414902e+01
1.001622632249791067e+01
1.001622648269297144e+01
1.001622766609265902e+01
1.004146306303020708e+01
1.004146679815752918e+01
1.004146693910307242e+01
1.004146727309310982e+01
1.004147077393546006e+01
1.005198605734707407e+01
1.005198919795479995e+01
1.005199069431523107e+01
1.005199084363888673e+01
1.005199208441292136e+01
1.005346476273230039e+01
1.005346482296029187e+01
1.005346498175629222e+01
1.005346700884326694e+01
1.005347849669456295e+01
1.008840938386721042e+01
1.008841143610330704e+01
1.008841461212811197e+01
1.008841500753215392e+01
1.008841901883045189e+01
1.010469365071004866e+01
1.010469826261526727e+01
1.010470308160511976e+01
1.010470364119106534e+01
1.010470454818447372e+01
1.011341920141749107e+01
1.011342029359504124e+01
1.011342059586666409e+01
1.011342062922827445e+01
1.011342070181993336e+01
1.013446746566389756e+01
1.013446994160523218e+01
1.013447218710476250e+01
1.013447404703865296e+01
1.013447601106737039e+01
1.013524212043303940e+01
1.013524229398093901e+01
1.013524563338254758e+01
1.013524740853917194e+01
1.013525082602793859e+01
1.014508030022434149e+01
1.014508142628732124e+01
1.014508176829541419e+01
1.014508195535649904e+01
1.014508231204656319e+01
1.015646633881095440e+01
1.015646993781303919e+01
1.015647135504748100e+01
1.015647143782229200e+01
1.015648026043471397e+01
1.016194043838577166e+01
1.016194260984581632e+01
1.016194331212785329e+01
1.016194454353102650e+01
1.016194692405938582e+01
1.016551400385637116e+01
1.016551713668321000e+01
1.016551849619093417e+01
1.016551945242347088e+01
1.016552134598122770e+01
1.017138870027097042e+01
1.017139181683607951e+01
1.017139208658283955e+01
1.017139577417475138e+01
1.017139599318107379e+01
1.017190304448975802e+01
1.017190330341377269e+01
1.017190437104576795e+01
1.017190638669566205e+01
1.017190794490394623e+01
1.018060015176413913e+01
1.018060149126759661e+01
1.018060315508369129e+01
1.018060444422137500e+01
1.018060650608793516e+01
1.019460762731455006e+01
1.019460859052469992e+01
1.019461054309089398e+01
1.019461162362745377e+01
1.019461342590782138e+01
1.019687434935333492e+01
1.019687762237538919e+01
1.019687800851809634e+01
1.019687836948641824e+01
1.019687856198160247e+01
1.021794011841917182e+01
1.021794044569648108e+01
1.021794801970043309e+01
1.021794864495315380e+01
1.021795176755596124e+01
1.022545110052852380e+01
1.022545151225118332e+01
1.022545337538145560e+01
1.022545357263921062e+01
1.022545552930039214e+01
1.024112468434009493e+01
1.024112689733898307e+01
1.024112839256983243e+01
1.024113389930040974e+01
1.024113523216054489e+01
1.025050863425322767e+01
1.025050943411594595e+01
1.025051040878453001e+01
1.025051117447808124e+01
1.025051174205951376e+01
1.026125709763672056e+01
1.026125925144667583e+01
1.026126040586632904e+01
1.026126183771761902e+01
1.026126292473787061e+01
1.027458952485207533e+01
1.027459037495412808e+01
1.027459262101422688e+01
1.027459416563496220e+01
1.027459435227006956e+01
1.030212087579543123e+01
1.030212157809254414e+01
1.030212181421866191e+01
1.030212644228850571e+01
1.030212800443190169e+01
1.032481689008090875e+01
1.032481775485165620e+01
1.032481958275785061e+01
1.032482059943416353e+01
1.032482171165197471e+01
1.035965060977444274e+01
1.035965636293984460e+01
1.035965774745961454e+01
1.035965778257177661e+01
1.035965924608044197e+01
1.038435170414600250e+01
1.038435193765118925e+01
1.038435243396524932e+01
1.038435249346342282e+01
1.038435305361388394e+01
1.043123900733273324e+01
1.043124197917966001e+01
1.043124475108795401e+01
1.043124730366412223e+01
1.043124874970393989e+01
1.043883589075908347e+01
1.043883617552742393e+01
1.043883696047600829e+01
1.043883742023507111e+01
1.043884216417702149e+01
1.045508187708733416e+01
1.045508364849846750e+01
1.045508417841769599e+01
1.045508472338220685e+01
1.045508762395609992e+01
1.046018123952448597e+01
1.046018131711396215e+01
1.046018245598517282e+01
1.046018498806306951e+01
1.046018815413948566e+01
1.046050607275288513e+01
1.046050874623696281e+01
1.046050954988809245e+01
1.046051076370556565e+01
1.046051235975561511e+01
1.046104837287353284e+01
1.046104946902078225e+01
1.046104982915672821e+01
1.046105195565436397e+01
1.046105506413191577e+01
1.048401752632548956e+01
1.048401995907104300e+01
1.048401998958891745e+01
1.048402123985830237e+01
1.048402256897132112e+01
1.048827842146174127e+01
1.048828071438784448e+01
1.048828269391610313e+01
1.048828707035615082e+01
1.048828738672811234e+01
1.050054757093171709e+01
1.050054991954707084e+01
1.050055020377980064e+01
1.050055053506243574e+01
1.050055356099858095e+01
1.050963335886652139e+01
1.050963385388853588e+01
1.050963441598707604e+01
1.050963495926000313e+01
1.050963559075194631e+01
1.053380389554030039e+01
1.053380687608236066e+01
1.053380734581281253e+01
1.053380839008380576e+01
1.053381206882389698e+01
1.053643380634548521e+01
1.053643602914192279e+01
1.053643650059164827e+01
1.053643681933318454e+01
1.053644036426913821e+01
1.053695127456704128e+01
1.053695634366490097e+01
1.053695639198530642e+01
1.053695784215729070e+01
1.053695989728536198e+01
1.054409880783085107e+01
1.054410010112290230e+01
1.054410253031048583e+01
1.054410267518768052e+01
1.054410695767546002e+01
1.055211969519394621e+01
1.055212370350632334e+01
1.055212460240116634e+01
1.055212550291646245e+01
1.055212571971164515e+01
1.055214348862827123e+01
1.055214891423069368e+01
1.055215344801713862e+01
1.055215570532391212e+01
1.055215963325517592e+01
1.055929645842467934e+01
1.055929743716408531e+01
1.055929869652809749e+01
1.055929881886103239e+01
1.055929927923249956e+01
1.057149639306564914e+01
1.057149855198401056e+01
1.057149928372981584e+01
1.057149938388117327e+01
1.057150036588468467e+01
1.058639306183177808e+01
1.058639817422809593e+01
1.058640008661112120e+01
1.058640387675153960e+01
1.058640850982995119e+01
1.059786481437180861e+01
1.059786511203553871e+01
1.059786641581691136e+01
1.059786755690502069e+01
1.059786913666610708e+01
1.060501831509026616e+01
1.060501845804145660e+01
1.060501883043118454e+01
1.060502054965477470e+01
1.060502594139684440e+01
1.065257555430140890e+01
1.065257631742669098e+01
1.065257847796016044e+01
1.065258033992703623e+01
1.065258346199174255e+01
1.067734248602151048e+01
1.067734354892639104e+01
1.067734399971734582e+01
1.067734447552854604e+01
1.067734494202561635e+01
1.067858359842727367e+01
1.067858376877289750e+01
1.067858564036455071e+01
1.067858647521290472e+01
1.067858668535307487e+01
1.070357027112916271e+01
1.070357127208017367e+01
1.070357309054317518e+01
1.070357309743807050e+01
1.070357823127387675e+01
1.073211354480560864e+01
1.073211502515231075e+01
1.073211762422030091e+01
1.073212120189201002e+01
1.073212288303670014e+01
1.073771231089751232e+01
1.073771553838617976e+01
1.073771690801168432e+01
1.073771885628414147e+01
1.073771922365732223e+01
1.075264607505984849e+01
1.075264898114878598e+01
1.075265041054995052e+01
1.075265051754682410e+01
1.075265962282355581e+01
1.075489373348709599e+01
1.075489381573337511e+01
1.075489787299721200e+01
1.075490021692437637e+01
1.075490268596141163e+01
1.076656625375518672e+01
1.076656764917213494e+01
1.076656849480836264e+01
1.076657028073935862e+01
1.076657300363955194e+01
1.076976483561734987e+01
1.076976515913880128e+01
1.076976540970136398e+01
1.076976624649300440e+01
1.076977063557065684e+01
1.078491891793814084e+01
1.078491945052905798e+01
1.078492095012754426e+01
1.078492325911037675e+01
1.078492832147251690e+01
1.079017465268287523e+01
1.079017649832012715e+01
1.079017889842888600e+01
1.079018190562605817e+01
1.079018628603788343e+01
1.079533411343067328e+01
1.079533540395109803e+01
1.079533632111107622e+01
1.079533801142419058e+01
1.079534015849894502e+01
1.081282145470829548e+01
1.081282219401576938e+01
1.081282334279997315e+01
1.081282391989715208e+01
1.081282439263211081e+01
1.084009344312584844e+01
1.084009523449863366e+01
1.084009840823412318e+01
1.084009902405877490e+01
1.084010321012212508e+01
1.084967689198623120e+01
1.084967906632265411e+01
1.084968157863169758e+01
1.084968167100768000e+01
1.084968291164769560e+01
1.085177332134706951e+01
1.085177491249703507e+01
1.085178087555217985e+01
1.085178237141714952e+01
1.085178310060148732e+01
1.087578502018589965e+01
1.087578715684524688e+01
1.087578796937031100e+01
1.087578835175179393e+01
1.087579004337156263e+01
1.091759051225131927e+01
1.091759075286301695e+01
1.091759541927616972e+01
1.091759597734318099e+01
1.091759754196865551e+01
1.091766327208345544e+01
1.091766336045859376e+01
1.091766392570315425e+01
1.091766506415634730e+01
1.091766875569139117e+01
1.092024296724665255e+01
1.092024556880018160e+01
1.092024745882619463e+01
1.092024816588432756e+01
1.092024879121808212e+01
1.093642677899870641e+01
1.093642905214494476e+01
1.093642934240421916e+01
1.093643039441114873e+01
1.093643191307841533e+01
1.095087021490986423e+01
1.095087244417539551e+01
1.095087282092619496e+01
1.095087349745215555e+01
1.095087387649953747e+01
1.095121945816994291e+01
1.095121982782283609e+01
1.095121998158652588e+01
1.095122181243261927e+01
1.095122345419907894e+01
1.095122596938808535e+01
1.095122726463568519e+01
1.095123083905183847e+01
1.095123203949674284e+01
1.095123595756204971e+01
1.097393800777551398e+01
1.097393986566811819e+01
1.097394034648448446e+01
1.097394537248112911e+01
1.097394598540561361e+01
1.099268221526939193e+01
1.099268383890394496e+01
1.099268439285418530e+01
1.099268472904139848e+01
1.099269064581551802e+01
1.100800239738800101e+01
1.100800690850982200e+01
1.100801109204564909e+01
1.100801217340805849e+01
1.100801513775303597e+01
1.100995904198103759e+01
1.100996496858187257e+01
1.100996535234330231e+01
1.100996614339026891e+01
1.100996778237792917e+01
1.102552419801888561e+01
1.102552783183644181e+01
1.102553023685028855e+01
1.102553272747398871e+01
1.102553539094133939e+01
1.106266471650478955e+01
1.106267265524475363e+01
1.106267275771095093e+01
1.106267587164154342e+01
1.106268134319162222e+01
1.108829627609670254e+01
1.108829915609242533e+01
1.108830342094316990e+01
1.108830706900291396e+01
1.108831028259040075e+01
1.112396087827532831e+01
1.112396186975216139e+01
1.112396336807165298e+01
1.112396425047743520e+01
1.112396729970921783e+01
1.113150559799077577e+01
1.113150630442259548e+01
1.113150656962479523e+01
1.113150854350837626e+01
1.113151000915868494e+01
1.114297132051411232e+01
1.114297249800967649e+01
1.114297289545747738e+01
1.114297347040277231e+01
1.114297414908605077e+01
1.115320677662258753e+01
1.115320841226864168e+01
1.115320842539490975e+01
1.115320955220962240e+01
1.115320983674654975e+01
1.115742130573189250e+01
1.115742244941007755e+01
1.115742319560390072e+01
1.115742461672047092e+01
1.115742477883225447e+01
1.117391721928348680e+01
1.117391958269791807e+01
1.117392121562972029e+01
1.117392371236711135e+01
1.117392387282551702e+01
1.117682619574984670e+01
1.117682954669167472e+01
1.117683044224971667e+01
1.117683269788449429e+01
1.117683359234627005e+01
1.118405276209389143e+01
1.118405500969125121e+01
1.118405575628090176e+01
1.118406114933658735e+01
1.118406468921295094e+01
1.119508928109552848e+01
1.119509096031827688e+01
1.119509216755717418e+01
1.119509478892876508e+01
1.119509538286744643e+01
1.121094917253664036e+01
1.121095436538745460e+01
1.121095791826015109e+01
1.121095795277548923e+01
1.121095891868755423e+01
1.121371770521712463e+01
1.121372026806893274e+01
1.121372422477920594e+01
1.121372795873432970e+01
1.121372943744854211e+01
1.121532955701258061e+01
1.121532958903125632e+01
1.121533009791954427e+01
1.121533014401716244e+01
1.121533273025816158e+01
1.123838531302873633e+01
1.123838534382942278e+01
1.123838744171066573e+01
1.123838769609324295e+01
1.123838903945756762e+01
1.124667608786702822e+01
1.124667736695153941e+01
1.124667826843552909e+01
1.124668121580317681e+01
1.124668975225154810e+01
1.126218376304524682e+01
1.126218444174130973e+01
1.126218493386607378e+01
1.126218688904157617e+01
1.126218910144027063e+01
1.126431222822769662e+01
1.126431293345936879e+01
1.126431720183695795e+01
1.126431808560109893e+01
1.126431912562850002e+01
1.126474036740306062e+01
1.126474215392878087e+01
1.126474234463442947e+01
1.126474571598489227e+01
1.126474682855766574e+01
1.126748434680075306e+01
1.126748437638144651e+01
1.126748489890268345e+01
1.126748547440820936e+01
1.126748867015627553e+01
1.126805288280544026e+01
1.126805374882903088e+01
1.126805629711264878e+01
1.126805749001131041e+01
1.126805784867117133e+01
1.127015096820801254e+01
1.127015145620944914e+01
1.127015150168798741e+01
1.127015213094747814e+01
1.127015307360552221e+01
1.127095234629709530e+01
1.127095387467271870e+01
1.127095509586476751e+01
1.127095648209591694e+01
1.127095748085760363e+01
1.127279224687920944e+01
1.127279712919557397e+01
1.127279767662845877e+01
1.127279960586987606e+01
1.127280575069489821e+01
1.129539238002381296e+01
1.129539561269989356e+01
1.129539808319742100e+01
1.129540123699021237e+01
1.129540250442187599e+01
1.130392877640778515e+01
1.130392974947650764e+01
1.130393397545297063e+01
1.130393472154276147e+01
1.130393994146731096e+01
1.131657598160768607e+01
1.131657676893944675e+01
1.131657757201354642e+01
1.131658231485990562e+01
1.131658427718805981e+01
1.134076587053096752e+01
1.134076961520248972e+01
1.134077203112292587e+01
1.134077248486186740e+01
1.134077343569652818e+01
1.134097990226594277e+01
1.134098146135509744e+01
1.134098253106846244e+01
1.134098344892981558e+01
1.134098759458804828e+01
1.138151841605064618e+01
1.138151908508262267e+01
1.138152279642755005e+01
1.138152755380840730e+01
1.138152759325390306e+01
1.138569014012326086e+01
1.138569307260651620e+01
1.138569457911549598e+01
1.138569664302101359e+01
1.138569922072421470e+01
1.138963281414286932e+01
1.138963418152225060e+01
1.138963495822846816e+01
1.138963747542475602e+01
1.138964295059770571e+01
1.144816157937159673e+01
1.144816165270651709e+01
1.144816433699743996e+01
1.144816486661508392e+01
1.144816533207395537e+01
1.150421806927354673e+01
1.150422021921520788e+01
1.150422105346120283e+01
1.150422235663932291e+01
1.150422267678698951e+01
1.152662755779416948e+01
1.152663035904682687e+01
1.152663317702528367e+01
1.152663744080206421e+01
1.152663887891869265e+01
1.153293136324412416e+01
1.153293138536772844e+01
1.153293219735987130e+01
1.153293259373781154e+01
1.153293300792994103e+01
1.153727619316621933e+01
1.153727777069617133e+01
1.153727812041470990e+01
1.153727813741178743e+01
1.153727920920699646e+01
1.154518318055196779e+01
1.154518617555819127e+01
1.154518865337851530e+01
1.154519046153418849e+01
1.154519581012812424e+01
1.154636282139531467e+01
1.154636288661065713e+01
1.154636641595527990e+01
1.154636809018749233e+01
1.154636888707008069e+01
1.155223587110304884e+01
1.155223619629550491e+01
1.155223756042525274e+01
1.155223962205597665e+01
1.155223969895015657e+01
1.157866907550690883e+01
1.157867488771059783e+01
1.157867831789535451e+01
1.157868052206295140e+01
1.157868267960133757e+01
1.159875015481840776e+01
1.159875066835648560e+01
1.159875133918733603e+01
1.159875161762247764e+01
1.159875171501657931e+01
1.159985561029963819e+01
1.159985698071747784e+01
1.159985904866520379e+01
1.159985913898526633e+01
1.159986029717168599e+01
1.160624112327501045e+01
1.160624352078225208e+01
1.160624438085378429e+01
1.160624462816892333e+01
1.160624540182569042e+01
1.160886898043905013e+01
1.160887074536106667e+01
1.160887215353412394e+01
1.160887445871045642e+01
1.160887783715980071e+01
1.161758519482426699e+01
1.161758862737874765e+01
1.161759111177958381e+01
1.161759425694063630e+01
1.161759568639311979e+01
1.162341517047378048e+01
1.162341622968479804e+01
1.162341637609614331e+01
1.162341797528162424e+01
1.162342078497547959e+01
1.165991166928377787e+01
1.165991340765016382e+01
1.165991493516569477e+01
1.165991900470582188e+01
1.165991998831467136e+01
1.166340464486249395e+01
1.166340872726751243e+01
1.166341179363911529e+01
1.166341454604525296e+01
1.166341854979491011e+01
1.169296992294515469e+01
1.169297506415283650e+01
1.169297636337729074e+01
1.169297738162953948e+01
1.169297936812513150e+01
1.170500432586421447e+01
1.170500451636393002e+01
1.170500466587262700e+01
1.170500508132311701e+01
1.170500514468917075e+01
1.171074255307493317e+01
1.171074353209906072e+01
1.171074404079433329e+01
1.171074535708978637e+01
1.171074552165232596e+01
1.171918406902545229e+01
1.171918571228393802e+01
1.171918604146209297e+01
1.171919104889070340e+01
1.171919303889563757e+01
1.172897860917565183e+01
1.172897926427956428e+01
1.172898394684722945e+01
1.172898499636264447e+01
1.172898509390731370e+01
1.173603547450756501e+01
1.173604419002416677e+01
1.173604443010080089e+01
1.173604620514933039e+01
1.173604924734895683e+01
1.174323173472703097e+01
1.174323237984329538e+01
1.174323255000087407e+01
1.174323505182877625e+01
1.174323604423840450e+01
1.174340891186626479e+01
1.174340957509785532e+01
1.174340959803838302e+01
1.174340974027986562e+01
1.174341265846517146e+01
1.174606932362907585e+01
1.174607166906025491e+01
1.174607608491448651e+01
1.174607899374936082e+01
1.174607921118787601e+01
1.174791485200245944e+01
1.174791815795888184e+01
1.174791848641281611e+01
1.174792283319481001e+01
1.174792313826575807e+01
1.175240833161016418e+01
1.175240935003967735e+01
1.175241632841944650e+01
1.175241707316839523e+01
1.175241864464077146e+01
1.176486564513594324e+01
1.176486730048834950e+01
1.176486839801448703e+01
1.176487012200729865e+01
1.176487145013067881e+01
1.177132245644897779e+01
1.177132250334685182e+01
1.177132662255193907e+01
1.177132679397271531e+01
1.177132989212773673e+01
1.178270105779655275e+01
1.178270159346318913e+01
1.178270162630370699e+01
1.178270246430758483e+01
1.178270306442880688e+01
1.178567334277087220e+01
1.178567545561560159e+01
1.178568279638477279e+01
1.178568304188178928e+01
1.178568327972120500e+01
1.179496887523659510e+01
1.179496921859061231e+01
1.179497018255663043e+01
1.179497194293398898e+01
1.179497263849730260e+01
1.183116725959446391e+01
1.183116877556059521e+01
1.183116923895521033e+01
1.183117069883196315e+01
1.183117101777334668e+01
1.183387188886629815e+01
1.183387330928044179e+01
1.183387497148757284e+01
1.183387676191111915e+01
1.183388452313102412e+01
1.184044743405417144e+01
1.184044760563974563e+01
1.184044778266008002e+01
1.184044985035196973e+01
1.184045228591374332e+01
1.185800960796541048e+01
1.185801049992366885e+01
1.185801057313578077e+01
1.185801662102478282e+01
1.185801988590422340e+01
1.186293204654313094e+01
1.186293380608270809e+01
1.186293735263319959e+01
1.186293758204096704e+01
1.186293761378689737e+01
1.187147750773255694e+01
1.187147872776175994e+01
1.187147921492936753e+01
1.187147997801453414e+01
1.187148035872527352e+01
1.189115052917084014e+01
1.189115510750322358e+01
1.189115589214942403e+01
1.189115946487137165e+01
1.189116168677392160e+01
1.189963226904932547e+01
1.189963423663937547e+01
1.189963638113366962e+01
1.189963641944156159e+01
1.189963735594072780e+01
1.191157127832428309e+01
1.191157198922963367e+01
1.191157330087423816e+01
1.191157436525080193e+01
1.191157444186535841e+01
1.191351789210894729e+01
1.191351926799969441e+01
1.191352049789229994e+01
1.191352149196869625e+01
1.191352215534096359e+01
1.193104364112796212e+01
1.193104543909711168e+01
1.193104745184596105e+01
1.193104781414859694e+01
1.193105197438599596e+01
1.193506005875546450e+01
1.193506509793725279e+01
1.193506815218916195e+01
1.193507251787353063e+01
1.193507312039603541e+01
1.193681404943965951e+01
1.193681439547838607e+01
1.193681600138830845e+01
1.193681650230496061e+01
1.193682000402954912e+01
1.196669513946519814e+01
1.196669752634368322e+01
1.196669768824298430e+01
1.196670115179200167e+01
1.196670170672771505e+01
1.196866335767699674e+01
1.196866387878780813e+01
1.196866546553541255e+01
1.196866569231925581e+01
1.196866841727182340e+01
1.197040431708135699e+01
1.197040492658456401e+01
1.197040682470316142e+01
1.197040734713735510e+01
1.197041136027496755e+01
1.201368579486745247e+01
1.201368994410543145e+01
1.201369181553280718e+01
1.201369475654346708e+01
1.201369619793592136e+01
1.202618935652519916e+01
1.202619031863789978e+01
1.202619097196614462e+01
1.202619245542827464e+01
1.202619869094968941e+01
1.207415715039770276e+01
1.207416105908812121e+01
1.207416309476561622e+01
1.207416423597509159e+01
1.207416497938056033e+01
1.207760751745560057e+01
1.207760835826779022e+01
1.207760945494595717e+01
1.207761060783133544e+01
1.207761085556245284e+01
1.209564498163698687e+01
1.209564521497716783e+01
1.209564781379236642e+01
1.209564925919233325e+01
1.209564991246440080e+01
1.212803735008265704e+01
1.212803812042574236e+01
1.212803832352948774e+01
1.212803957101888841e+01
1.212803965302307141e+01
1.213375004323477668e+01
1.213375650375843051e+01
1.213375742345708730e+01
1.213375868645408495e+01
1.213376242119071691e+01
1.216577328635545641e+01
1.216577338165971334e+01
1.216577406199046507e+01
1.216577567648277913e+01
1.216577633091287858e+01
1.216586428335036096e+01
1.216586698245957265e+01
1.216586777779949280e+01
1.216586902941585890e+01
1.216587130067139810e+01
1.217478913800974105e+01
1.217479066831951684e+01
1.217479200830141650e+01
1.217479924457072826e+01
1.217479947624600456e+01
1.217671280200859307e+01
1.217671312399614614e+01
1.217671399340560789e+01
1.217671405272374585e+01
1.217671635391085161e+01
1.217790998129810376e+01
1.217791012777644077e+01
1.217791722662787812e+01
1.217791784523939036e+01
1.217792096828929083e+01
1.221039920986205907e+01
1.221040077030234272e+01
1.221040373928315326e+01
1.221040450569103797e+01
1.221040732407399965e+01
1.222143184964429707e+01
1.222143331999156324e+01
1.222143389660149282e+01
1.222143444544051860e+01
1.222143451608689091e+01
1.222599810399134590e+01
1.222600003168657068e+01
1.222600224740696007e+01
1.222600339655195789e+01
1.222600347484409866e+01
1.224194289594180418e+01
1.224194950330216081e+01
1.224195063170081710e+01
1.224195128614307038e+01
1.224195441732242529e+01
1.225049233888581313e+01
1.225049371030408807e+01
1.225049451026773895e+01
1.225049575350320019e+01
1.225049590299511060e+01
1.225113788245810298e+01
1.225113797138453720e+01
1.225113805820912205e+01
1.225114033123039547e+01
1.225114096094726968e+01
1.225154669063461554e+01
1.225154685649530428e+01
1.225154761954994775e+01
1.225154970508221020e+01
1.225155640172300764e+01
1.227141510121795065e+01
1.227141513836933129e+01
1.227141784172065186e+01
1.227141869986107103e+01
1.227141943050191664e+01
1.227846614007222037e+01
1.227846673725184523e+01
1.227846687720824548e+01
1.227846708447353485e+01
1.227847179338699313e+01
1.228590102475597767e+01
1.228590194282047854e+01
1.228590795761550503e+01
1.228590804106070244e+01
1.228591019569164722e+01
1.228949829946690642e+01
1.228950087401844016e+01
1.228950385135217793e+01
1.228950643108583130e+01
1.228950718205168791e+01
1.231960037663965934e+01
1.231960161299463330e+01
1.231960325942763568e+01
1.231960396808274005e+01
1.231960558536270689e+01
1.232846303195171167e+01
1.232846751648800776e+01
1.232846900909435739e+01
1.232847174688736658e+01
1.232847364198017814e+01
1.234168701415653402e+01
1.234168734504727283e+01
1.234168798398744293e+01
1.234168876954041671e+01
1.234168910057695534e+01
1.235564142233417151e+01
1.235564632457970546e+01
1.235564651914662093e+01
1.235565225487509444e+01
1.235565469341062439e+01
1.237231722122012023e+01
1.237231904324326770e+01
1.237232116813575189e+01
1.237232272998890181e+01
1.237232547207678302e+01
1.237594392071166460e+01
1.237594679284780952e+01
1.237594722146955384e+01
1.237594850340772901e+01
1.237595027056508457e+01
1.240950378928988584e+01
1.240950642545061200e+01
1.240950806319895783e+01
1.240950807731313610e+01
1.240951546894962298e+01
1.242128514713352772e+01
1.242128562462839447e+01
1.242128626128952718e+01
1.242128816495696597e+01
1.242128839900676418e+01
1.243100548009291195e+01
1.243100778970072184e+01
1.243101180132172523e+01
1.243101289171964474e+01
1.243101341551041905e+01
1.243167770506056868e+01
1.243168105544057056e+01
1.243168247405796478e+01
1.243168543914299740e+01
1.243168633789479216e+01
1.243440872280222287e+01
1.243441201136185725e+01
1.243441368051183993e+01
1.243441403296914416e+01
1.243442146634494527e+01
1.244226063044814978e+01
1.244226676626489869e+01
1.244226892427984765e+01
1.244227038423454168e+01
1.244227383315847213e+01
1.245175353336227886e+01
1.245175440052123683e+01
1.245175736912665698e+01
1.245176176555350089e+01
1.245176185820303871e+01
1.245353595971039695e+01
1.245354463421157831e+01
1.245354661851394162e+01
1.245354691452599738e+01
1.245354725350973979e+01
1.245508280962033432e+01
1.245508352276290331e+01
1.245508357809774047e+01
1.245508464425673800e+01
1.245508528488263700e+01
1.245700786588015241e+01
1.245700893227985162e+01
1.245700973165309833e+01
1.245701129892720438e+01
1.245701279203405143e+01
1.246728880242212156e+01
1.246729001072005261e+01
1.246729056132887337e+01
1.246729078179778405e+01
1.246729342223483705e+01
1.247777188992089314e+01
1.247777729176955575e+01
1.247777865258075458e+01
1.247778011279650556e+01
1.247778471651919396e+01
1.248311774425363829e+01
1.248311950564040806e+01
1.248312544164321025e+01
1.248312583390073804e+01
1.248312817370309702e+01
1.248820793664967788e+01
1.248821087061313051e+01
1.248821190170153805e+01
1.248821501398018086e+01
1.248821659076667423e+01
1.249147320802874717e+01
1.249147384070030320e+01
1.249147431143738096e+01
1.249147494783542278e+01
1.249147553768568919e+01
1.250975666314097268e+01
1.250976020735809158e+01
1.250976188364110975e+01
1.250976302717601207e+01
1.250976600038545783e+01
1.251051989360554195e+01
1.251052167891890932e+01
1.251052169793490343e+01
1.251052383892057485e+01
1.251052406386718907e+01
1.257880926964869950e+01
1.257881046675320569e+01
1.257881237614267000e+01
1.257881593257886976e+01
1.257881673448262028e+01
1.260424594814779020e+01
1.260424880668816350e+01
1.260425032967450854e+01
1.260425288908866648e+01
1.260425428855670127e+01
1.260470680517797604e+01
1.260470859503304730e+01
1.260470891387024395e+01
1.260471168484626503e+01
1.260471309931328676e+01
1.262162947845483174e+01
1.262163073538043179e+01
1.262163491715316610e+01
1.262163655243645621e+01
1.262164026179640430e+01
1.262845737036000671e+01
1.262845748069414853e+01
1.262845875715639288e+01
1.262845892581117724e+01
1.262845988636777506e+01
1.263107405825015306e+01
1.263107602530362250e+01
1.263107713874790505e+01
1.263108208042763003e+01
1.263108312253941357e+01
1.263818430725711472e+01
1.263818570538508723e+01
1.263818645469752333e+01
1.263818793485047109e+01
1.263819049665734440e+01
1.265690002375384182e+01
1.265690162811183406e+01
1.265690420971890084e+01
1.265690435699424832e+01
1.265690546710766817e+01
1.266943462703052248e+01
1.266943640556279860e+01
1.266943841837119500e+01
1.266944157342777366e+01
1.266944560249974039e+01
1.267724510283287032e+01
1.267724780873198931e+01
1.267724951569937275e+01
1.267725019570490197e+01
1.267725115822038262e+01
1.268559654702529294e+01
1.268559688352897474e+01
1.268559692089812607e+01
1.268559930425441173e+01
1.268560274841128788e+01
1.269424134708726903e+01
1.269424503279340399e+01
1.269424538123081980e+01
1.269424639295299073e+01
1.269425040218602163e+01
1.270883186275591648e+01
1.270883247445256004e+01
1.270883309344725021e+01
1.270883575941557275e+01
1.270883653705955929e+01
1.271497045407892479e+01
1.271497149436836160e+01
1.271497394158949845e+01
1.271497495929111210e+01
1.271497995730233121e+01
1.271621960862189482e+01
1.271622482010679178e+01
1.271622483778106094e+01
1.271622640296247475e+01
1.271622939343656178e+01
1.272097896003683992e+01
1.272097976835510913e+01
1.272098634334617984e+01
1.272098651240932732e+01
1.272098836149927692e+01
1.272508512057974350e+01
1.272508901960611105e+01
1.272509042771012844e+01
1.272509208176506768e+01
1.272509568930622947e+01
1.272761267673164198e+01
1.272761324327935206e+01
1.272761347534171428e+01
1.272761378937937593e+01
1.272761595285621361e+01
1.273847857688272178e+01
1.273848051506143975e+01
1.273848187655420716e+01
1.273848509152089115e+01
1.273848840569398000e+01
1.274594204588660240e+01
1.274594349242926938e+01
1.274594461276605273e+01
1.274594761990649339e+01
1.274595365019816917e+01
1.276475090428716719e+01
1.276475351114153156e+01
1.276475410076512418e+01
1.276475576318246929e+01
1.276475579972449204e+01
1.277587813691880747e+01
1.277587841835151572e+01
1.277587872645948330e+01
1.277587906062827372e+01
1.277587972814396799e+01
1.277616688532988753e+01
1.277616895137192543e+01
1.277616926677163178e+01
1.277616983403868289e+01
1.277617286098618798e+01
1.278043908269977713e+01
1.278044108611670637e+01
1.278044215326293020e+01
1.278044306459678303e+01
1.278044439099438989e+01
1.280094750961037242e+01
1.280095075983421005e+01
1.280095150790752889e+01
1.280095439379814337e+01
1.280095782890093048e+01
1.281608414670409601e+01
1.281608468091171815e+01
1.281608512410478795e+01
1.281608847405088802e+01
1.281609188569588831e+01
1.285902574974091728e+01
1.285902740632432106e+01
1.285902890996439218e+01
1.285902975789775482e+01
1.285903524478022319e+01
1.286796486940339790e+01
1.286796500696982726e+01
1.286796569538868518e+01
1.286796658286770700e+01
1.286796743579186852e+01
1.287382531311497935e+01
1.287383179900607644e+01
1.287383184079627441e+01
1.287383472360120074e+01
1.287383576190872425e+01
1.288105487974102203e+01
1.288105543225399074e+01
1.288105618056221502e+01
1.288105766155869780e+01
1.288105786333560587e+01
1.288675950869728837e+01
1.288676238820674591e+01
1.288676300173554168e+01
1.288676358458554283e+01
1.288676502226218190e+01
1.302706460116783127e+01
1.302706674562620037e+01
1.302706736276818233e+01
1.302706759204465037e+01
1.302706785476302009e+01
1.304602141545459659e+01
1.304602550516439941e+01
1.304602726372285204e+01
1.304602814812615819e+01
1.304603425031913666e+01
1.305943663919696185e+01
1.305943761375657530e+01
1.305943899337563607e+01
1.305943905161320551e+01
1.305943912949557095e+01
1.307621702263311292e+01
1.307621812893544444e+01
1.307622082583878687e+01
1.307622103218663057e+01
1.307622778358116555e+01
1.309421566533100645e+01
1.309421797693546807e+01
1.309422252840541745e+01
1.309422315851917951e+01
1.309422740924412132e+01
1.311131715445096013e+01
1.311131817429124879e+01
1.311131873214132426e+01
1.311132190233311334e+01
1.311132215416126634e+01
1.311188835593485535e+01
1.311189333723013384e+01
1.311189373638300992e+01
1.311189697917124519e+01
1.311189798904033310e+01
1.322730269473334452e+01
1.322730621870530143e+01
1.322730822163375741e+01
1.322731052876585345e+01
1.322731119517870901e+01
1.322866675119227509e+01
1.322866686655159540e+01
1.322866822197155301e+01
1.322867041538944655e+01
1.322867052100852625e+01
1.322959854144486158e+01
1.322960390860587943e+01
1.322960486696787186e+01
1.322960624997584667e+01
1.322960678319276440e+01
1.323841067973418006e+01
1.323841177974533245e+01
1.323841186137521575e+01
1.323841281222941824e+01
1.323841597301958117e+01
1.324457295844603699e+01
1.324457421799960954e+01
1.324457476621276619e+01
1.324457593764707930e+01
1.324457692167250933e+01
1.324776846759483462e+01
1.324777227906262134e+01
1.324777584731112512e+01
1.324777585555401949e+01
1.324777794715023127e+01
1.325225267646598937e+01
1.325225661036262714e+01
1.325225727142361265e+01
1.325226066697301341e+01
1.325226336355039258e+01
1.326202056354159176e+01
1.326202643475347642e+01
1.326202746992706416e+01
1.326202754795057892e+01
1.326203041003149075e+01
1.326679627087112756e+01
1.326679959435959866e+01
1.326680027974341591e+01
1.326680255067512348e+01
1.326680486014624272e+01
1.328651769044470221e+01
1.328651848905874999e+01
1.328651913279772501e+01
1.328652061622229397e+01
1.328652578039496568e+01
1.328871887060976142e+01
1.328872105679474203e+01
1.328872123135254846e+01
1.328872221291422662e+01
1.328872583772048444e+01
1.331124716198298330e+01
1.331124941207999512e+01
1.331125119985721028e+01
1.331125262854326685e+01
1.331125446100779897e+01
1.331137192702540339e+01
1.331137602221873806e+01
1.331137642348453731e+01
1.331137775156651415e+01
1.331137831861524390e+01
1.333303329393953085e+01
1.333303469568724964e+01
1.333303977880888347e+01
1.333304063838402875e+01
1.333304563007267340e+01
1.334395768003256322e+01
1.334395800259428455e+01
1.334395965198486422e+01
1.334396003703173506e+01
1.334396058173884114e+01
1.337654972571776568e+01
1.337655027313470057e+01
1.337655290499387561e+01
1.337655300479536891e+01
1.337655447903906314e+01
1.339422925785951968e+01
1.339423156189633701e+01
1.339423377827190187e+01
1.339423627974734465e+01
1.339424227977827719e+01
1.343509509270775482e+01
1.343509553343034568e+01
1.343509574394242989e+01
1.343509589719775654e+01
1.343509589878687827e+01
1.346404782856181015e+01
1.346404818769600098e+01
1.346404890373620056e+01
1.346405117394835038e+01
1.346405237980749803e+01
1.346477535123776192e+01
1.346477750827320641e+01
1.346477768785285178e+01
1.346477811785251788e+01
1.346478149670465463e+01
1.346577838998548060e+01
1.346578112714966124e+01
1.346578448531684913e+01
1.346578771103272665e+01
1.346578815816586427e+01
1.348420360228218762e+01
1.348420837822895635e+01
1.348420916867577901e+01
1.348421320849310590e+01
1.348421682094292073e+01
1.350082308078659210e+01
1.350082332721230749e+01
1.350082529793641939e+01
1.350082721706710842e+01
1.350082841770459829e+01
1.350344206688427917e+01
1.350344367326349904e+01
1.350344427699466543e+01
1.350344492320015277e+01
1.350344988640310362e+01
1.350718235527676647e+01
1.350718314024430633e+01
1.350718340085008329e+01
1.350718342609220635e+01
1.350718385408668532e+01
1.350850281709634970e+01
1.350850521991978148e+01
1.350850877384694826e+01
1.350851170171977067e+01
1.350851285710606930e+01
1.354064264960862118e+01
1.354064741718430653e+01
1.354064837731930737e+01
1.354064958978704247e+01
1.354065173093230356e+01
1.354334165353957253e+01
1.354334209177335957e+01
1.354334385753016257e+01
1.354334803805912735e+01
1.354334993283419664e+01
1.354975614967295172e+01
1.354975619371064433e+01
1.354975722241546165e+01
1.354975847912426801e+01
1.354976017770425045e+01
1.357629096310918015e+01
1.357629236103878334e+01
1.357629308763257292e+01
1.357629653323026275e+01
1.357629789516273000e+01
1.358465352361259271e+01
1.358465407503996758e+01
1.358465548398633516e+01
1.358466248927443942e+01
1.358466554026634832e+01
1.360532679804862077e+01
1.360532817699007246e+01
1.360533051918254444e+01
1.360533284885746497e+01
1.360533410858035452e+01
1.361352758032612087e+01
1.361352792149779134e+01
1.361352859200361820e+01
1.361352868272586925e+01
1.361352936070217012e+01
1.361354863530813653e+01
1.361355169107973850e+01
1.361355258320913109e+01
1.361355613573837786e+01
1.361355724083165697e+01
1.362051356956484405e+01
1.362051361957764151e+01
1.362051569127248563e+01
1.362051584064641929e+01
1.362051679943532889e+01
1.362162733535167725e+01
1.362162740894420487e+01
1.362162754089246164e+01
1.362162847623220152e+01
1.362162890406650284e+01
1.363488678458680958e+01
1.363488954223318927e+01
1.363489355762633082e+01
1.363489568648766692e+01
1.363489734922855945e+01
1.363755336123382556e+01
1.363755389009700458e+01
1.363755463800603707e+01
1.363755538052550165e+01
1.363756107189258593e+01
1.373013569041835780e+01
1.373013581177185571e+01
1.373013728981979220e+01
1.373013792550533552e+01
1.373014004967174273e+01
1.376075607977265136e+01
1.376075710191121715e+01
1.376075815529798341e+01
1.376076909441474605e+01
1.376076973400107484e+01
1.379167815890800064e+01
1.379167870643744287e+01
1.379167894059312971e+01
1.379167937878850303e+01
1.379167989095236990e+01
1.381582157504938202e+01
1.381582166223203778e+01
1.381582627712508682e+01
1.381582676599920489e+01
1.381582932391682306e+01
1.384328011374110723e+01
1.384328116624812210e+01
1.384328124480247624e+01
1.384328158302792033e+01
1.384328342619986962e+01
1.386686890191149324e+01
1.386687079944498713e+01
1.386687364795684729e+01
1.386687494585928704e+01
1.386688072727244680e+01
1.387002641220989041e+01
1.387003047804149602e+01
1.387003176329816512e+01
1.387003438168413538e+01
1.387003464580388012e+01
1.387470905631177587e+01
1.387470917224934297e+01
1.387470976950509183e+01
1.387471007762324504e+01
1.387471023395083591e+01
1.387545729864785393e+01
1.387546297600552236e+01
1.387546613366916937e+01
1.387546650069106668e+01
1.387546759573528732e+01
1.387766070696715026e+01
1.387766255997745368e+01
1.387766283393929356e+01
1.387766559294826152e+01
1.387766614179055757e+01
1.388738000848251986e+01
1.388738039571538430e+01
1.388738043549610346e+01
1.388738633940886658e+01
1.388739242693170262e+01
1.388892445289051025e+01
1.388892560199672133e+01
1.388893038039647010e+01
1.388893130046009006e+01
1.388893685346002371e+01
1.389424041292290291e+01
1.389424518013123233e+01
1.389424727940668092e+01
1.389424777395667476e+01
1.389425186600919382e+01
1.390145254531338459e+01
1.390145326069544218e+01
1.390145410821831895e+01
1.390146322095627340e+01
1.390146423157287181e+01
1.390233622918824352e+01
1.390233804803350282e+01
1.390233806889330559e+01
1.390233985365413183e+01
1.390234480102547465e+01
1.390249932487680340e+01
1.390249938393812634e+01
1.390250222511041223e+01
1.390250354351330486e+01
1.390250504391564590e+01
1.390666336736098607e+01
1.390666395070723027e+01
1.390666447005176032e+01
1.390666594160512659e+01
1.390666655485059167e+01
1.390786839508125183e+01
1.390786912478687043e+01
1.390786926852923600e+01
1.390787043396651690e+01
1.390787069386611741e+01
1.390834520678142994e+01
1.390834552295131843e+01
1.390834706786539599e+01
1.390834711151903846e+01
1.390834758030586293e+01
1.391302823189114513e+01
1.391302925224050746e+01
1.391302980356902630e+01
1.391303105002285179e+01
1.391303676094115893e+01
1.392929688343600425e+01
1.392929993362193208e+01
1.392930056073527467e+01
1.392930260909353635e+01
1.392930349932831469e+01
1.393414106561290566e+01
1.393414648523905974e+01
1.393414759146034143e+01
1.393414777822454376e+01
1.393414997378024545e+01
1.396306371616200970e+01
1.396306414295945331e+01
1.396306419094319118e+01
1.396306465840862643e+01
1.396306472401027143e+01
1.397205893137085120e+01
1.397206181505793410e+01
1.397206264817761223e+01
1.397206333058578664e+01
1.397207161437057721e+01
1.397573574118371731e+01
1.397573614459717817e+01
1.397573653298816332e+01
1.397574402724234055e+01
1.397574807426421906e+01
1.399978698287227452e+01
1.399978793837606617e+01
1.399979237185323200e+01
1.399979417129766190e+01
1.399979605729669174e+01
1.400604348104417340e+01
1.400604348239002128e+01
1.400604383878973813e+01
1.400604706928403864e+01
1.400604772950956445e+01
1.400849424029220813e+01
1.400849491693165483e+01
1.400849510657372576e+01
1.400849893898343446e+01
1.400849945340685032e+01
1.402072569115450662e+01
1.402072602682899571e+01
1.402072739355915054e+01
1.402072901925217252e+01
1.402073061734301973e+01
1.402177770032388082e+01
1.402178155635367141e+01
1.402178217239520563e+01
1.402178412783836947e+01
1.402178863613697679e+01
1.403708326008647767e+01
1.403708384457398495e+01
1.403708440958092929e+01
1.403708623118060217e+01
1.403709148615196689e+01
1.404139461085329721e+01
1.404139480604757928e+01
1.404139597336746270e+01
1.404139822159459960e+01
1.404140083903311975e+01
1.404924077545117811e+01
1.404924462557329079e+01
1.404924480160054578e+01
1.404924683930423157e+01
1.404924752000974486e+01
1.405549816910450112e+01
1.405550039519760297e+01
1.405550052981749865e+01
1.405550329212369398e+01
1.405550455902953289e+01
1.406016888812150789e+01
1.406017146731859668e+01
1.406017155731749924e+01
1.406017320869839082e+01
1.406017532907040390e+01
1.406486604653240313e+01
1.406486753174021231e+01
1.406486954822546487e+01
1.406487053469387583e+01
1.406488094134465072e+01
1.406498666869613423e+01
1.406498920464214208e+01
1.406499083061556732e+01
1.406499293492179525e+01
1.406499382112199825e+01
1.406526118851335028e+01
1.406526202587779650e+01
1.406526229014589013e+01
1.406526263510923513e+01
1.406526291658282446e+01
1.407570302085476577e+01
1.407570416568919036e+01
1.407570422309661851e+01
1.407570930747363747e+01
1.407571315482451801e+01
1.407720045323287827e+01
1.407720313144979940e+01
1.407720448932244572e+01
1.407720470866641982e+01
1.407720585614560171e+01
1.407941144202768058e+01
1.407941174713631227e+01
1.407941505281025485e+01
1.407941815057000134e+01
1.407941901706529819e+01
1.408438241062063767e+01
1.408438284595743362e+01
1.408438306886389668e+01
1.408438346391491969e+01
1.408438669596230675e+01
1.408461970091134496e+01
1.408462050540233790e+01
1.408462106285078619e+01
1.408462151940548246e+01
1.408462267876566187e+01
1.408859535574075572e+01
1.408859614639088242e+01
1.408859922633900652e+01
1.408860164777895818e+01
1.408860257940438920e+01
1.408933464346347364e+01
1.408933583065929973e+01
1.408933677170788812e+01
1.408933699710174636e+01
1.408934089533999412e+01
1.413754831327200101e+01
1.413754975086206400e+01
1.413755070614779363e+01
1.413755289530688053e+01
1.413755356786314543e+01
1.414417110539179312e+01
1.414417554453422277e+01
1.414418091791108445e+01
1.414418328323696450e+01
1.414418651458612608e+01
1.414997441064824102e+01
1.414997531684419485e+01
1.414997614498342493e+01
1.414997737620099549e+01
1.414998012439593467e+01
1.415336864363039027e+01
1.415337138477613621e+01
1.415337610225913423e+01
1.415337632434748549e+01
1.415337684886896419e+01
1.415483795283082813e+01
1.415484045929872003e+01
1.415484057819444175e+01
1.415484207230161928e+01
1.415484657964896442e+01
1.415819735806080715e+01
1.415820162785161074e+01
1.415820315451434652e+01
1.415820487675256167e+01
1.415820666853327126e+01
1.415922945173924319e+01
1.415923050059218369e+01
1.415923110496117232e+01
1.415923136973190388e+01
1.415923349510488016e+01
1.418652828839036317e+01
1.418652915133578496e+01
1.418652936362167516e+01
1.418652956114708097e+01
1.418653077718791700e+01
1.419821979076954577e+01
1.419822243546353135e+01
1.419822467635654739e+01
1.419822818322765201e+01
1.419823269364888141e+01
1.419891114428849654e+01
1.419891227725912941e+01
1.419891585549756030e+01
1.419891683099101876e+01
1.419892474297261664e+01
1.420401385495311430e+01
1.420401593091193249e+01
1.420401794136081719e+01
1.420402155985761716e+01
1.420402392070641362e+01
1.421578842129412124e+01
1.421578888724083356e+01
1.421578974085857716e+01
1.421579027004126772e+01
1.421579099778130484e+01
1.421996124949361473e+01
1.421996161473722076e+01
1.421996316841221741e+01
1.421996340344798426e+01
1.421996547391378130e+01
1.422406290828678799e+01
1.422406301085593583e+01
1.422406414084596449e+01
1.422406433266174552e+01
1.422406458929725304e+01
1.422751042612866890e+01
1.422751069764489706e+01
1.422751408761910241e+01
1.422751524145027879e+01
1.422751576771222659e+01
1.423716409745634692e+01
1.423716806024990511e+01
1.423717058130231017e+01
1.423717325763088581e+01
1.423717447985027640e+01
1.424823674607493196e+01
1.424823861067044284e+01
1.424823935668544195e+01
1.424824008278215537e+01
1.424824264611253710e+01
1.425326674674265703e+01
1.425326820561165242e+01
1.425327185480582948e+01
1.425327209201452128e+01
1.425327450439722732e+01
1.425615667171906509e+01
1.425615833975268387e+01
1.425615845308265506e+01
1.425615864269895283e+01
1.425616008465463480e+01
1.426028818342041760e+01
1.426029000767515953e+01
1.426029156416165300e+01
1.426029269814964273e+01
1.426029463680537113e+01
1.426929882416441764e+01
1.426929967155010814e+01
1.426930363526195400e+01
1.426930399970860464e+01
1.426930818282372293e+01
1.427844684569718936e+01
1.427844782921098954e+01
1.427844966554492601e+01
1.427845005522308064e+01
1.427845397301122432e+01
1.428252992815348499e+01
1.428253028278603054e+01
1.428253189473771023e+01
1.428253350167959468e+01
1.428253449801539965e+01
1.428904477286707930e+01
1.428904571673699841e+01
1.428904886845167077e+01
1.428905393182837713e+01
1.428905558378859375e+01
1.430645745601964158e+01
1.430645788428778076e+01
1.430646119124502391e+01
1.430646249163642914e+01
1.430646420231078508e+01
1.431520409808047489e+01
1.431520428412043344e+01
1.431520428656538435e+01
1.431520695740721827e+01
1.431520833935713277e+01
1.433647912264374646e+01
1.433648119891697803e+01
1.433648241366061171e+01
1.433648251811091967e+01
1.433648307851336234e+01
1.434736109495052858e+01
1.434736599770494614e+01
1.434736822790159039e+01
1.434736927035057619e+01
1.434737054163584524e+01
1.436327565812200291e+01
1.436327601198278181e+01
1.436327602362706202e+01
1.436327632018892864e+01
1.436327658918396111e+01
1.437873371395756728e+01
1.437873378841475080e+01
1.437873526345067710e+01
1.437873854043184174e+01
1.437874187788347591e+01
1.440820004602240267e+01
1.440820164053793384e+01
1.440820246486354961e+01
1.440820491786884538e+01
1.440820526496620957e+01
1.443252811800136470e+01
1.443252937166940342e+01
1.443253128382197659e+01
1.443253140487835573e+01
1.443253482605533122e+01
1.443387555719183801e+01
1.443387680862629452e+01
1.443388009568459651e+01
1.443388130784994239e+01
1.443389030657362326e+01
1.446045690393633443e+01
1.446046165572178310e+01
1.446046349296245737e+01
1.446046688486578624e+01
1.446046745965357871e+01
1.446343606413773308e+01
1.446343767154268178e+01
1.446343795480867023e+01
1.446343848664970722e+01
1.446343898838032160e+01
1.446851869007328517e+01
1.446852019666835076e+01
1.446852074107439634e+01
1.446852493671002904e+01
1.446852842386882187e+01
1.446925471434517441e+01
1.446925530844970709e+01
1.446925541338945287e+01
1.446925601100830860e+01
1.446925875723424859e+01
1.447315886467774604e+01
1.447316056547774288e+01
1.447316272600083842e+01
1.447316273367020401e+01
1.447316574614897533e+01
1.448762259384886164e+01
1.448762280721720153e+01
1.448762294367851133e+01
1.448762747377913307e+01
1.448762786849869322e+01
1.448974128271792061e+01
1.448974208160380073e+01
1.448974299029834611e+01
1.448974610971841592e+01
1.448975145029755041e+01
1.449848760257772362e+01
1.449848931308707023e+01
1.449849182918347523e+01
1.449849191637875023e+01
1.449849316991596915e+01
1.450312212626646868e+01
1.450312573690581885e+01
1.450312643647913546e+01
1.450313347706970468e+01
1.450313510429038288e+01
1.451888577206253750e+01
1.451888726522111916e+01
1.451889053636330651e+01
1.451889164307661595e+01
1.451889347420801002e+01
1.452069034627486488e+01
1.452069048400936069e+01
1.452069108175640544e+01
1.452069153426585402e+01
1.452069201804445697e+01
1.452933578530691072e+01
1.452933691408179762e+01
1.452933819027900419e+01
1.452934056036267485e+01
1.452934090556416002e+01
1.453637863990203094e+01
1.453637900122998339e+01
1.453637919167286974e+01
1.453638263966314348e+01
1.453638335356150435e+01
1.454957806615023408e+01
1.454957983463783577e+01
1.454958019349012055e+01
1.454958642846249539e+01
1.454958885728390605e+01
1.455410553238501059e+01
1.455410689013242020e+01
1.455410800812952488e+01
1.455410859528676148e+01
1.455410944938232731e+01
1.456527358496571445e+01
1.456527474875774431e+01
1.456527840575661692e+01
1.456527915789120620e+01
1.456528164236105738e+01
1.456792655849829821e+01
1.456792892732868872e+01
1.456793007657917016e+01
1.456793295875911021e+01
1.456794020611699203e+01
1.460410793921011852e+01
1.460411126483566591e+01
1.460411231492006756e+01
1.460411611340104265e+01
1.460411856886269000e+01
1.461867704374441601e+01
1.461867810082703656e+01
1.461867915338454793e+01
1.461868471436811490e+01
1.461868486629354713e+01
1.468066852050682414e+01
1.468067096464259080e+01
1.468067306633112246e+01
1.468067554025359023e+01
1.468067573097028955e+01
1.468778887855486559e+01
1.468779357177244904e+01
1.468779386111134144e+01
1.468779461951316989e+01
1.468779727200440455e+01
1.470810613727341831e+01
1.470810651032280170e+01
1.470810656160404584e+01
1.470810660707556927e+01
1.470810660954359506e+01
1.473803230461922986e+01
1.473803349594849976e+01
1.473803623373208893e+01
1.473803658485416967e+01
1.473804021119836705e+01
1.474525862209612193e+01
1.474526004423794667e+01
1.474526114560878121e+01
1.474526839028032121e+01
1.474527030901434443e+01
1.474739025259045633e+01
1.474739028431132226e+01
1.474739171545599170e+01
1.474739304212442903e+01
1.474739524700548721e+01
1.475237140609264763e+01
1.475237178869214816e+01
1.475237547131308524e+01
1.475237643552387290e+01
1.475237644116363889e+01
1.475327055415510280e+01
1.475327129947795513e+01
1.475327138115814662e+01
1.475327407632963173e+01
1.475328023736077476e+01
1.475543555496753356e+01
1.475543826842496742e+01
1.475544347435548787e+01
1.475544484783159582e+01
1.475544613654565396e+01
1.476991436999889906e+01
1.476991821474310029e+01
1.476992086032284668e+01
1.476992093429751485e+01
1.476992278068846254e+01
1.477282165330306718e+01
1.477282190464976708e+01
1.477282194954640282e+01
1.477282263498076276e+01
1.477282294186523970e+01
1.477283851495371891e+01
1.477284181112083772e+01
1.477284336244719043e+01
1.477284446744769397e+01
1.477284783294338233e+01
1.477407379188624326e+01
1.477407389042372365e+01
1.477407805012887998e+01
1.477408050218354774e+01
1.477408063502429769e+01
1.478331051558479636e+01
1.478331387802139574e+01
1.478331413779061876e+01
1.478331433406257744e+01
1.478331592710512155e+01
1.479586947700269484e+01
1.479586970823276815e+01
1.479586975785810310e+01
1.479586978163162847e+01
1.479587022320079726e+01
1.479978732311380263e+01
1.479978940334962978e+01
1.479979002167936386e+01
1.479979071219927889e+01
1.479979345424455595e+01
1.480310093899585588e+01
1.480310386731107108e+01
1.480310429702499952e+01
1.480310468554823089e+01
1.480310644558094246e+01
1.482330981853580454e+01
1.482331027731997608e+01
1.482331147501798796e+01
1.482331297878446641e+01
1.482331466619730165e+01
1.482492196433424603e+01
1.482492206052362249e+01
1.482492230863285165e+01
1.482492239524375854e+01
1.482492275056770659e+01
1.483527950022850028e+01
1.483527962046553306e+01
1.483528010763868288e+01
1.483528095904826571e+01
1.483528281418996109e+01
1.483692521944489684e+01
1.483692566095146326e+01
1.483692918612540979e+01
1.483692925006047325e+01
1.483692947148769115e+01
1.486928567499461451e+01
1.486928588426828135e+01
1.486929011291729452e+01
1.486929095848554461e+01
1.486929584068122523e+01
1.487457935647929474e+01
1.487458000731113117e+01
1.487458009449342278e+01
1.487458011007369585e+01
1.487458033340772978e+01
1.490809254772386971e+01
1.490809707696458553e+01
1.490809952235025726e+01
1.490809989913872258e+01
1.490810518490193637e+01
1.492474188388529655e+01
1.492474252258979384e+01
1.492474989610546032e+01
1.492475062842927258e+01
1.492475166236611095e+01
1.493134057583912799e+01
1.493134416536568843e+01
1.493134614601778054e+01
1.493135118669104067e+01
1.493135198189701640e+01
1.493729486204580503e+01
1.493729541331361688e+01
1.493729712655204445e+01
1.493730000911141964e+01
1.493730087465938361e+01
1.493885404828964703e+01
1.493885685531861363e+01
1.493886142284612006e+01
1.493886169523635310e+01
1.493886223007963743e+01
1.494822348473556772e+01
1.494822753640377222e+01
1.494822833482951552e+01
1.494822869685234501e+01
1.494823510487107576e+01
1.495048182737600051e+01
1.495048185010102060e+01
1.495048348270717398e+01
1.495049018647214645e+01
1.495049180939209066e+01
1.495589707956697367e+01
1.495589786003167454e+01
1.495590023509451072e+01
1.495590206819033519e+01
1.495590369952949317e+01
1.495678919372068982e+01
1.495679210361299383e+01
1.495679431484567878e+01
1.495679680561984526e+01
1.495680016491160913e+01
1.496067300272618006e+01
1.496067328786375050e+01
1.496067342944494527e+01
1.496067400748375320e+01
1.496067412008897257e+01
1.496258501939420782e+01
1.496258800688570645e+01
1.496258976218355308e+01
1.496259005357695315e+01
1.496259226248580276e+01
1.498694914390850919e+01
1.498694986511931937e+01
1.498695013191810155e+01
1.498695837030649791e+01
1.498696016972421319e+01
1.498885552486913575e+01
1.498885635962263763e+01
1.498885848014451128e+01
1.498886089074816930e+01
1.498886340428119368e+01
1.499220961154825815e+01
1.499221193383417905e+01
1.499221240130688670e+01
1.499221611572485280e+01
1.499221613297380529e+01
1.500717957611622388e+01
1.500718201834041743e+01
1.500718299572907810e+01
1.500718449714335989e+01
1.500718815363157788e+01
1.501236575516663940e+01
1.501236603104587175e+01
1.501236690363648130e+01
1.501236771000497505e+01
1.501237017372340077e+01
1.501475270784703930e+01
1.501475303171850406e+01
1.501475314694517316e+01
1.501475335835723968e+01
1.501475356577989295e+01
1.502009407705890531e+01
1.502009959176702658e+01
1.502009970925958982e+01
1.502009991895526753e+01
1.502010256543210076e+01
1.503746521692070282e+01
1.503746625757145239e+01
1.503746788021507363e+01
1.503746831337642575e+01
1.503746900586997093e+01
1.503877163263342887e+01
1.503877369926816776e+01
1.503877431379299701e+01
1.503877865230418109e+01
1.503877913157181823e+01
1.504382910186764732e+01
1.504382976788158111e+01
1.504383094433395840e+01
1.504383097694865690e+01
1.504383145694606405e+01
1.504766551356721216e+01
1.504766933767817605e+01
1.504767124217232421e+01
1.504767273597149924e+01
1.504767503621738989e+01
1.506274000819903947e+01
1.506274031391698642e+01
1.506274041326477864e+01
1.506274063759646609e+01
1.506274065967412135e+01
1.506466481398109281e+01
1.506467228120147439e+01
1.506467305210770213e+01
1.506467458026558326e+01
1.506467656225649066e+01
1.507567560172677723e+01
1.507568290243927756e+01
1.507568523503989688e+01
1.507568619285039269e+01
1.507568644949210857e+01
1.508094481672152831e+01
1.508094648384178704e+01
1.508094704627332128e+01
1.508095331635569991e+01
1.508095763167909631e+01
1.509847997392452790e+01
1.509848055726469518e+01
1.509848338138966994e+01
1.509848920680807893e+01
1.509848944292441608e+01
1.509986400892736391e+01
1.509986508927149274e+01
1.509986625689777462e+01
1.509986753267392068e+01
1.509987167443816425e+01
1.512464101990192589e+01
1.512464277442941807e+01
1.512464292204612804e+01
1.512464638866641309e+01
1.512464712411830270e+01
1.512665742115884626e+01
1.512665778727739863e+01
1.512665898464363323e+01
1.512665992190609110e+01
1.512666102661456335e+01
1.512742118810076697e+01
1.512742283029399637e+01
1.512742399926041514e+01
1.512742448019820785e+01
1.512742573608940155e+01
1.512914548726728370e+01
1.512914976367145314e+01
1.512915172316676937e+01
1.512915185251308259e+01
1.512915309624765392e+01
1.513273022745399921e+01
1.513273098536414274e+01
1.513273492903050865e+01
1.513273647617640805e+01
1.513273714821280969e+01
1.514437178033146125e+01
1.514437301927353019e+01
1.514437682425064402e+01
1.514437836275229721e+01
1.514438013133915106e+01
1.516964823821897212e+01
1.516964854744169777e+01
1.516965214948912255e+01
1.516965657603691398e+01
1.516965928984563661e+01
1.519689306336989354e+01
1.519689362804780508e+01
1.519689363451952246e+01
1.519689731126389987e+01
1.519689775233748108e+01
1.519935409736545218e+01
1.519935423023951948e+01
1.519935560609725300e+01
1.519935751432276838e+01
1.519936134383612725e+01
1.521134045955516712e+01
1.521134137083248739e+01
1.521134814262036272e+01
1.521135004765849352e+01
1.521135237802674922e+01
1.524365566224191504e+01
1.524365666339608971e+01
1.524365758081373556e+01
1.524365943831729631e+01
1.524366250719950955e+01
