2.751026550853336250e+00
2.751029697640503535e+00
2.751031258655561196e+00
2.751031855922427827e+00
2.751032726268446194e+00
2.784754673180386053e+00
2.784754680577806063e+00
2.784755527761817451e+00
2.784756762106880945e+00
2.784757477232083556e+00
2.812449291009528896e+00
2.812454626442888017e+00
2.812456246237440727e+00
2.812456630083386866e+00
2.812459899891907700e+00
2.814488744248233587e+00
2.814488862546803194e+00
2.814490916773404017e+00
2.814491594053888157e+00
2.814494433943687479e+00
2.837477549338497163e+00
2.837477770080322870e+00
2.837480575034831976e+00
2.837483280109329264e+00
2.837483439757843229e+00
2.840592181693810225e+00
2.840594922916676701e+00
2.840596961538190524e+00
2.840599338062304025e+00
2.840602967346898211e+00
2.845218937340323606e+00
2.845218965317080517e+00
2.845219590629166184e+00
2.845220240139592516e+00
2.845220969889684870e+00
2.893871775321083195e+00
2.893880601718046286e+00
2.893882534209016644e+00
2.893887380756202887e+00
2.893887620105521474e+00
2.899239655685608152e+00
2.899243121178353810e+00
2.899244036537800273e+00
2.899251166525590673e+00
2.899256349100576280e+00
2.926801389793984409e+00
2.926805858918558378e+00
2.926806049279658151e+00
2.926809505810038292e+00
2.926810084682639701e+00
2.937692170973670969e+00
2.937692865906849971e+00
2.937693224181177509e+00
2.937693586267975387e+00
2.937694873757313641e+00
2.975099526318405463e+00
2.975099738664235272e+00
2.975102281283787509e+00
2.975104630916364901e+00
2.975106632878895319e+00
4.787238818295991294e+00
4.787240032147960456e+00
4.787241619001489035e+00
4.787241695402478570e+00
4.787243797155102065e+00
4.823806562632875661e+00
4.823810094696930229e+00
4.823810388613964051e+00
4.823814310035161590e+00
4.823817924393499545e+00
4.843724205299059449e+00
4.843730869959643748e+00
4.843732877420059424e+00
4.843736657891302144e+00
4.843739693893550857e+00
4.854431595130371591e+00
4.854431662367902689e+00
4.854433863407760619e+00
4.854435207580794831e+00
4.854435234978421221e+00
4.876909565134461388e+00
4.876911898773649057e+00
4.876914277327417224e+00
4.876916673360330634e+00
4.876917599560197658e+00
4.882193271235788501e+00
4.882194097677805544e+00
4.882201862213400467e+00
4.882202282341443045e+00
4.882203900504360483e+00
4.883463434960887639e+00
4.883463501788458672e+00
4.883464473567919129e+00
4.883467597363577717e+00
4.883468229250600423e+00
4.923077937093825796e+00
4.923079852561809133e+00
4.923081100063251725e+00
4.923081738890793702e+00
4.923082680790562549e+00
4.933900774782566501e+00
4.933903230698794218e+00
4.933904502865859243e+00
4.933904758393700796e+00
4.933906987297186575e+00
4.966559847117519411e+00
4.966565381287153080e+00
4.966567119963245069e+00
4.966569666459940358e+00
4.966572260432742247e+00
4.985013963069712339e+00
4.985017556879815182e+00
4.985021452802384623e+00
4.985026065257833316e+00
4.985026852625771276e+00
5.009187190383286747e+00
5.009187299243262004e+00
5.009187744145751076e+00
5.009191485998514715e+00
5.009191518528713694e+00
5.540258697263152676e+00
5.540261621665533376e+00
5.540262921964985487e+00
5.540264460312341654e+00
5.540266727992434248e+00
5.573128990513318115e+00
5.573129999712907789e+00
5.573131341086444479e+00
5.573131401501313142e+00
5.573131448961166967e+00
5.601445891455170134e+00
5.601446223298051308e+00
5.601449863330029366e+00
5.601449928911263143e+00
5.601454747563349379e+00
5.603994364121005489e+00
5.603994710891507580e+00
5.603999089623409091e+00
5.604000764971396542e+00
5.604001452694315155e+00
5.625872799326340434e+00
5.625878713205609394e+00
5.625879024703606568e+00
5.625880612535250513e+00
5.625881966420909208e+00
5.629234271666085476e+00
5.629235470461331658e+00
5.629236685546274543e+00
5.629236737942365565e+00
5.629239979837420194e+00
5.634112814534334213e+00
5.634114616814250631e+00
5.634115637515793473e+00
5.634116761205787860e+00
5.634118616722583184e+00
5.682276040760427804e+00
5.682281573505487238e+00
5.682283396540514175e+00
5.682283590406237650e+00
5.682288609935260304e+00
5.687971671685786212e+00
5.687972064514733361e+00
5.687972434268647959e+00
5.687973780020438852e+00
5.687981213972141958e+00
5.715792675298851933e+00
5.715796262551702256e+00
5.715796865975907082e+00
5.715800239738964450e+00
5.715803905191290113e+00
5.725890239508612645e+00
5.725890631238078399e+00
5.725890879190766114e+00
5.725890887241914307e+00
5.725892146425743512e+00
5.764152094150535532e+00
5.764154064891048534e+00
5.764154312212676601e+00
5.764158541218310283e+00
5.764158891937313456e+00
7.233899898160052189e+00
7.233900332469338501e+00
7.233900338358277615e+00
7.233901922648661831e+00
7.233902106574293889e+00
7.246879069130379492e+00
7.246880733343139980e+00
7.246881553682246846e+00
7.246881993595591709e+00
7.246883542420148316e+00
7.282134420909847528e+00
7.282136747473229477e+00
7.282136893467465732e+00
7.282137133397035278e+00
7.282138674929226951e+00
7.289420113705891602e+00
7.289429612459400687e+00
7.289430494112692394e+00
7.289431334130255458e+00
7.289431429494347192e+00
7.316190609032818593e+00
7.316191478453799135e+00
7.316191703741775854e+00
7.316195869015536424e+00
7.316197319523305431e+00
7.326117328148655794e+00
7.326118650069762595e+00
7.326123654225336068e+00
7.326125320051521506e+00
7.326126561307822804e+00
7.341815161307182258e+00
7.341819044637371228e+00
7.341824159900589564e+00
7.341825881482070493e+00
7.341826910258780536e+00
7.346225937704338627e+00
7.346226597777937073e+00
7.346227333522969083e+00
7.346227338362188775e+00
7.346228359430436505e+00
7.347554856181749194e+00
7.347555875534395042e+00
7.347558039743545599e+00
7.347561757766994717e+00
7.347562170264366088e+00
7.394806892874214554e+00
7.394810483149653280e+00
7.394811498652281045e+00
7.394812437797188664e+00
7.394816004438514057e+00
7.431747821354004913e+00
7.431750891149405902e+00
7.431753237359269626e+00
7.431756954220179345e+00
7.431759267427867854e+00
7.434866810468093057e+00
7.434866852398903880e+00
7.434868457733464275e+00
7.434868602456938369e+00
7.434868959632038532e+00
8.056954609286314906e+00
8.056956774794064913e+00
8.056956942481447115e+00
8.056959358790386716e+00
8.056961607678170267e+00
8.089483475840717475e+00
8.089484256100632820e+00
8.089485939100210743e+00
8.089488469056620445e+00
8.089489387136866938e+00
8.106003689229360987e+00
8.106004007912899212e+00
8.106005801465970606e+00
8.106006755209373082e+00
8.106009274291510636e+00
8.130365220788055680e+00
8.130368012949968914e+00
8.130370149021507231e+00
8.130374017694387945e+00
8.130374748066659052e+00
8.133282949695034958e+00
8.133284555030643403e+00
8.133286085525334386e+00
8.133291379675265276e+00
8.133291978172183079e+00
8.142507979566245169e+00
8.142508276102640608e+00
8.142508319025532515e+00
8.142508791005385049e+00
8.142509939705323774e+00
8.147819940830800078e+00
8.147821683523762459e+00
8.147823607442665761e+00
8.147824452042398136e+00
8.147824573007202531e+00
8.185567927529524113e+00
8.185571731107119220e+00
8.185573355636121207e+00
8.185575475859959482e+00
8.185580625984938408e+00
8.208024649731504141e+00
8.208026436915272228e+00
8.208030529268270925e+00
8.208036488813874598e+00
8.208039634200117618e+00
8.212201365303945622e+00
8.212202544122984449e+00
8.212202990495303112e+00
8.212210210375767261e+00
8.212210842361514551e+00
8.235694711231104748e+00
8.235695341269005709e+00
8.235695916551314610e+00
8.235697438577986418e+00
8.235699609249962805e+00
8.272694586747416423e+00
8.272696537635114922e+00
8.272699156599374604e+00
8.272699839647271958e+00
8.272701092218913033e+00
8.847817077375639272e+00
8.847818143056514373e+00
8.847820114367154432e+00
8.847822369860281810e+00
8.847824603675189081e+00
8.889151092213474215e+00
8.889151979699752459e+00
8.889156345868824971e+00
8.889157401536998293e+00
8.889160799996814077e+00
8.891954977084621348e+00
8.891956112492907849e+00
8.891957062036455639e+00
8.891957978746862779e+00
8.891960356833580548e+00
8.911518615017309131e+00
8.911518646527088805e+00
8.911519937681786629e+00
8.911522548801636745e+00
8.911527233168285989e+00
8.925559451737466787e+00
8.925562011935157969e+00
8.925562360081295665e+00
8.925568489978664033e+00
8.925568893095833900e+00
8.931058041161751504e+00
8.931059193119256889e+00
8.931059428404894973e+00
8.931060412621782518e+00
8.931061585774671130e+00
8.945653129162788986e+00
8.945656827583986725e+00
8.945662689040986493e+00
8.945662825492586734e+00
8.945663888745206904e+00
8.977879817830041631e+00
8.977884136493408107e+00
8.977885574393338786e+00
8.977886021185611298e+00
8.977886618625788628e+00
8.991546366782522171e+00
8.991547232601295292e+00
8.991550548337032822e+00
8.991552726387139316e+00
8.991553795184678677e+00
8.996166439156180417e+00
8.996167469289352070e+00
8.996168232230875361e+00
8.996168412329772934e+00
8.996172755327677351e+00
9.028394171030639015e+00
9.028397695809594836e+00
9.028399289901837932e+00
9.028401031373162411e+00
9.028403541595823256e+00
9.059394116799422747e+00
9.059396623870709320e+00
9.059401027694931940e+00
9.059403467259860676e+00
9.059403591440222669e+00
9.513790406441588132e+00
9.513790466018262393e+00
9.513791885205392873e+00
9.513792073348039224e+00
9.513793307771615915e+00
9.515865615954233192e+00
9.515867870930112105e+00
9.515868098807381159e+00
9.515873902742722379e+00
9.515877005646931508e+00
9.539194523464756159e+00
9.539195601983429640e+00
9.539195822269297409e+00
9.539196743741056750e+00
9.539197842103915193e+00
9.577732099354209439e+00
9.577733987676834815e+00
9.577742026861027824e+00
9.577743124797198249e+00
9.577744904443843410e+00
9.580598649019798074e+00
9.580599702816101626e+00
9.580600584107449080e+00
9.580601434925679172e+00
9.580603642078092008e+00
9.592990434754950613e+00
9.592997536812985615e+00
9.592999306713203111e+00
9.593000073621389845e+00
9.593000344256221723e+00
9.596639689917507710e+00
9.596642318238187030e+00
9.596643308579308140e+00
9.596648774806755711e+00
9.596650495933465308e+00
9.619379495372870181e+00
9.619383931697496948e+00
9.619384997748037236e+00
9.619386537009519955e+00
9.619388197250383854e+00
9.627329233832195854e+00
9.627333997789834896e+00
9.627335705593733195e+00
9.627339549610784530e+00
9.627344518806834728e+00
9.643960965008101738e+00
9.643968997907448326e+00
9.643971203181809670e+00
9.643972286952093853e+00
9.643976635864481395e+00
9.694436960056009411e+00
9.694439503679415537e+00
9.694442860123524852e+00
9.694443956174071175e+00
9.694444391779240888e+00
9.699110562159809490e+00
9.699114133661899118e+00
9.699120953926701816e+00
9.699121291446973103e+00
9.699123522901437866e+00
1.018699013884866744e+01
1.018699205886605341e+01
1.018699348839489538e+01
1.018699484368672969e+01
1.018699675002893201e+01
1.021535749820827377e+01
1.021535773457297935e+01
1.021535776878617163e+01
1.021535814499423189e+01
1.021535906060575094e+01
1.021799960965941523e+01
1.021799967569484657e+01
1.021800161841834864e+01
1.021800223014264120e+01
1.021800227980009623e+01
1.024440667549858652e+01
1.024441087774206771e+01
1.024441135037050365e+01
1.024441285213066699e+01
1.024441297469015488e+01
1.025932637342725329e+01
1.025932662522253480e+01
1.025932804232811257e+01
1.025932879589108460e+01
1.025933078624527006e+01
1.027277501705357032e+01
1.027277536104532984e+01
1.027278480262289762e+01
1.027278534670125154e+01
1.027278615255861460e+01
1.028160778514235929e+01
1.028161015396907629e+01
1.028161497438023986e+01
1.028161661279489714e+01
1.028161780263689806e+01
1.029398257728271027e+01
1.029398346063369196e+01
1.029398563657925436e+01
1.029398779937590547e+01
1.029399152916399096e+01
1.031053567971131280e+01
1.031053855404750408e+01
1.031054176032957237e+01
1.031054251834499702e+01
1.031054339081602400e+01
1.033668815929454254e+01
1.033669462429842767e+01
1.033669694312452947e+01
1.033669727496166857e+01
1.033670131156453387e+01
1.035143791414989778e+01
1.035144054111310652e+01
1.035144248385702070e+01
1.035144270481172946e+01
1.035144533594222160e+01
1.038511503140432168e+01
1.038512135225198030e+01
1.038512379291166532e+01
1.038512586320454645e+01
1.038512803319246558e+01
1.079849417134166778e+01
1.079849559684125460e+01
1.079849573172115385e+01
1.079849658602992690e+01
1.079849903127744781e+01
1.081789497809994494e+01
1.081789556609325054e+01
1.081789571845652453e+01
1.081789853545040536e+01
1.081789951643571257e+01
1.082344793393029825e+01
1.082345089060785703e+01
1.082345268757155843e+01
1.082345519769911668e+01
1.082345648342062638e+01
1.085165666861055733e+01
1.085165849682434391e+01
1.085165885533175079e+01
1.085165971568865650e+01
1.085166518806215308e+01
1.086428601440057662e+01
1.086428757385407096e+01
1.086428767171138432e+01
1.086428783253186836e+01
1.086428886579328790e+01
1.088126501216655484e+01
1.088126668919110784e+01
1.088126689169050820e+01
1.088126916749604156e+01
1.088127218575566957e+01
1.089239436965536889e+01
1.089239999286658467e+01
1.089240185471505562e+01
1.089240399310914320e+01
1.089240914814532601e+01
1.090278940082307635e+01
1.090279381873288500e+01
1.090279899714288980e+01
1.090280109158192445e+01
1.090280161882256671e+01
1.090939941014628012e+01
1.090940600447613917e+01
1.090940752688705828e+01
1.090940803593852237e+01
1.090941318089566181e+01
1.093198158726038116e+01
1.093198235184726208e+01
1.093198462392808246e+01
1.093198933683160767e+01
1.093199070026131992e+01
1.096611159167642136e+01
1.096611470624395679e+01
1.096611704896040251e+01
1.096611771569592442e+01
1.096612003564159465e+01
1.098443471063486143e+01
1.098443703413606798e+01
1.098444128846797518e+01
1.098444235191299967e+01
1.098444291516415383e+01
1.177033204009980416e+01
1.177033351929757288e+01
1.177033396855416392e+01
1.177033623425856135e+01
1.177033632728479162e+01
1.177452974520001661e+01
1.177453060759111381e+01
1.177453109599698600e+01
1.177453163368292977e+01
1.177453252154835894e+01
1.179366512926749166e+01
1.179366643747820831e+01
1.179366801408705001e+01
1.179367063088078638e+01
1.179367142742665919e+01
1.180807435436447506e+01
1.180807646284948653e+01
1.180808109018141927e+01
1.180808188713560725e+01
1.180808411649408995e+01
1.182498051167104336e+01
1.182498067600957903e+01
1.182498275114175179e+01
1.182498354510905791e+01
1.182498387102916837e+01
1.184539335375993296e+01
1.184539409329212667e+01
1.184539662458796627e+01
1.184540009018690654e+01
1.184540277961876598e+01
1.185468322117887752e+01
1.185468550230667262e+01
1.185468659655328061e+01
1.185469050140491731e+01
1.185469238869571029e+01
1.186275499573771164e+01
1.186275523596857973e+01
1.186275556284457977e+01
1.186275617387460279e+01
1.186275626827087848e+01
1.186698206553797696e+01
1.186698628580146320e+01
1.186698736359822703e+01
1.186699011622997979e+01
1.186699411801910387e+01
1.190750535706366975e+01
1.190750992451822299e+01
1.190751669744787655e+01
1.190751807179397126e+01
1.190751991901756135e+01
1.191501319607326259e+01
1.191501408016792851e+01
1.191502016385201124e+01
1.191502081100154697e+01
1.191502426684477989e+01
1.193979554185916570e+01
1.193979703316182928e+01
1.193980424155270548e+01
1.193980511324200755e+01
1.193980672073882410e+01
1.210259745011375543e+01
1.210259747707904054e+01
1.210259786919733926e+01
1.210259912966632001e+01
1.210259938463634377e+01
1.210911015705943505e+01
1.210911106444234164e+01
1.210911115345795963e+01
1.210911540123802688e+01
1.210911596864940520e+01
1.211625586699538104e+01
1.211625794094859820e+01
1.211625954381961812e+01
1.211626721855374100e+01
1.211626726252355191e+01
1.214910020666962787e+01
1.214910108757434060e+01
1.214910367540749903e+01
1.214910627411745025e+01
1.214910876709069498e+01
1.215451671553007351e+01
1.215451674238428836e+01
1.215451762146486736e+01
1.215451815831873894e+01
1.215451816926117345e+01
1.216120772374602588e+01
1.216121225205365874e+01
1.216121248735503357e+01
1.216121688620838626e+01
1.216121801024058513e+01
1.218128209437331932e+01
1.218128598602791257e+01
1.218129002074082479e+01
1.218129085319778504e+01
1.218129306478585683e+01
1.219358910208146973e+01
1.219358998484449685e+01
1.219359223207418808e+01
1.219359352877157399e+01
1.219360025915233869e+01
1.221547891631760940e+01
1.221548266680445316e+01
1.221548802759431318e+01
1.221548844237920584e+01
1.221548882294523608e+01
1.222126947418311360e+01
1.222127128471911384e+01
1.222127216875968259e+01
1.222127233698275717e+01
1.222127262703438610e+01
1.225634919762406305e+01
1.225635144873465165e+01
1.225635573340623807e+01
1.225635871761674522e+01
1.225635983534263040e+01
1.226027970125070254e+01
1.226028018178214296e+01
1.226028559808865204e+01
1.226028589346105058e+01
1.226028900563522583e+01
1.273195297434372186e+01
1.273195298059570746e+01
1.273195312033467808e+01
1.273195326548129991e+01
1.273195342855918355e+01
1.275365437698936510e+01
1.275365563247259715e+01
1.275365910699357030e+01
1.275366121204024950e+01
1.275366164561770255e+01
1.276468900994458266e+01
1.276469122375469034e+01
1.276469519255747898e+01
1.276469607499136671e+01
1.276469843291646455e+01
1.277130666237014189e+01
1.277130784545968112e+01
1.277130825623592969e+01
1.277131158572994707e+01
1.277131617865989632e+01
1.278677853349310212e+01
1.278677855953171516e+01
1.278677901168624942e+01
1.278677916076210153e+01
1.278677978584913255e+01
1.278902602440858516e+01
1.278902731351372069e+01
1.278903183863813986e+01
1.278903366396382779e+01
1.278903998802490349e+01
1.279325803587186172e+01
1.279326029434639445e+01
1.279326185729815890e+01
1.279326373459095123e+01
1.279326720049260935e+01
1.284735144072115709e+01
1.284735174590467999e+01
1.284735734834600152e+01
1.284735884888796775e+01
1.284736325270286805e+01
1.284949945914237013e+01
1.284950029919451708e+01
1.284950668353458525e+01
1.284950675822616972e+01
1.284951236430783794e+01
1.286856618413644426e+01
1.286856740643262142e+01
1.286856970284576818e+01
1.286857029841699429e+01
1.286857460381296470e+01
1.287226310278810359e+01
1.287226843505448493e+01
1.287227135039500148e+01
1.287227230834556124e+01
1.287227402118988451e+01
1.288397008203216743e+01
1.288397276223836307e+01
1.288397279728189915e+01
1.288397329581600737e+01
1.288398070418455532e+01
